rofental/grids/srf_rofental_100.asc
ncols        322
nrows        225
xllcorner    622802.488000000012
yllcorner    5178049.378999999724
cellsize     100.000000000000
[rows 0 to 17 of 225, columns 40 to 79 of 322]
1.2200060513133714757 1.2304565732334595829 1.0836426832016088362 1.0457460288718678498 1.0952263861508362286 1.1037000105062113597 1.2780073285646376124 1.2951610177559182979 1.3708002880031537885 1.2798523041585292415 1.1930196718095746888 1.1775587271945289203 1.2015876454725797906 1.3732651670568718494 1.340080711069983721 1.1979154540861634004 0.83596234876736852382 1.2914611580795987145 1.4555168308481754025 1.2759125119072149968 1.2506987684152637286 1.17322983088224575 1.4900219858214001079 1.5059021407886672428 1.3262233629234276844 1.4876523448042993092 1.4696378054282861481 1.4751094402186111232 1.4782945824334865481 1.425336147526074182 0.9471346049025780589 0.8623573197540158608 1.1231685882263282572 1.2074859345473150096 1.1842678592322661846 1.1334712651760268098 1.0863621507293284019 0.90787490651868907321 0.89192237247924022192 0.92846903006184400287
1.3301091239716995585 1.3486373777308053867 1.3601301552499633907 1.284477415751740903 1.5465330283221481178 1.6000000000000000888 1.5639477331764080059 1.297866605420688435 1.3150560165354234776 1.4843499448040331501 1.3548899728208265714 1.2291170727984175315 1.3908518032162038303 1.4253881860716228758 1.2575688636166884038 0.64360887365403396387 0.67503664541975194613 1.3659702327613967299 1.4555774931863343369 1.438279190914545147 1.4360630694069072 1.4143029462914669114 1.3945094881024462374 1.3831997360753294224 0.99489989072185180952 1.1430075156985650686 1.1571638460544610982 1.1288387920353417648 0.87494974243618328646 0.92815274361651267654 0.99912410678405616515 1.2051758451621232826 1.2929699907730667352 1.4344353299956824621 1.4671080405489744791 1.2694877321666941938 1.2880415365600246247 1.2266887691033654395 1.2119909367341972217 1.2646028920204877011
1.4210990246949402049 1.4476612900614167501 1.5091957278961034561 1.5846660617552119632 1.5734790423799800418 1.3557969266424614307 0.95007644930572821007 0.990393634580071347 1.0231556476193639504 1.1504650635138511383 1.2615575428956786741 1.3933940415797592127 1.4239262269527657168 1.42037972046544958 0.93627703397219064207 0.7346233097470442619 0.36673263207546985543 1.06257115381525713 0.97981231032389093372 1.0350069578894778299 1.0690819691155799553 1.138804525662588496 1.1591459085588813327 1.2493481543344864271 0.87933971511497477369 0.56739889063524839852 0.6671947786818059889 0.64296168185956881214 0.7727407992888345456 1.2576655433767989223 0.96309320596910963364 1.2569324016157479296 1.4426182191905656538 1.3838811619719360024 1.3875629830313220836 1.2669085239469488613 1.2160640546889718294 1.3373001603066310139 1.2326783073054317086 1.3146764042920091597
1.3148247623329305522 1.4422197841724062606 1.4101412997456432841 1.4992290076637821983 1.2646841142736542363 0.84542044440854224874 0.82192140726837437104 0.8051142174505341309 0.98635109334938264602 1.0646652508016321015 1.2377196686061173736 1.3268693792428978284 1.4482879761455631495 1.1074515847650450162 0.91387287740781242285 0.80069949715712673832 0.43127669711848670708 0.52670635541899435417 0.77574133674106160452 0.67539905281694090355 0.53048924035436506585 0.51822945528930985937 0.60374431983910081811 0.62002844085359387627 0.44348925393387916838 0.24723718589894533304 0.50681001291764882222 0.31744297152767619874 0.38829100036538233276 0.98134791600721282823 0.88467706124966827286 1.191714135028829169 1.3498484111565458576 1.3635348522327281895 1.3830230160139029838 1.345814009039175474 1.3034277985704374458 1.2830172717609023003 1.1376283492718437529 1.2632156663512938977
0.98035492180456018652 1.1265665632551900011 1.2161175317379084859 1.325183413566620505 1.2371129179505369056 1.2912213023226128961 1.1981881654672230653 0.9666347030028298315 0.88532330672998205134 1.0080742190005083092 1.3115221317575609383 1.3434178364112006054 1.3253009226286247557 1.028661112734141625 1.0357696092313894987 0.93793307731886688128 1.0026464818001536994 0.95296857807137258511 1.1932441026444440269 1.4122721054177604927 1.2653157128326062431 0.91337271131319441864 0.75645759088247854773 1.0382767194102018316 1.056162358905297971 0.51611049266065744945 1.2720526817446580203 1.1755182858820805158 0.61369875460294653902 0.50693427991112816056 0.77348958419139313136 1.1495152244806574604 1.2831419978072573507 1.3261179106451355114 1.3858062784196922834 1.3825274102638127616 1.2231933332042488338 1.266546127182989645 1.2047875208341558562 1.1100912264796152229
1.2119200078147127631 1.2711143344568403002 1.274249620765756319 1.3932124009762545391 1.1937296556952468052 1.2664593038700853178 1.4694343415789754559 1.3312013197690852895 1.0836431214674513424 0.76400993137412120948 1.1964097215387763384 1.1643879569170976218 1.05664160659343076 1.262904190971676055 1.2490141561154355365 0.91270867937002075898 1.381227026800858626 1.2580701783674852479 1.2569587355690443609 1.4674611720916623803 1.4406117661442954248 1.2020992175895979237 1.2327474798954658475 1.4193412453546079277 1.3445757105664999376 0.48573912006112812678 1.3171379785525068051 1.3894172932315305147 1.0247856372634647215 0.45286145523596721407 0.97826486060740280859 1.2003163971547656796 1.3033384860434487074 1.1932007679490350682 1.2920876373011740412 1.3111460960467897774 1.3205223410231017311 1.4090587691396301295 1.290516991891750731 1.2228843689394301997
1.3816833918502235967 1.2290527524628376277 1.3067652803582416876 1.3533782845333628408 1.3582968512953292883 1.2943603967958003942 1.2738449286970281449 1.2446033052847886857 1.0942081228456959074 0.82318869973799912998 0.59200628429609858383 1.1432030463058859837 1.1614508241182415205 1.2780321634667930475 1.2195672944418700645 0.60026294991552975322 1.1816443762931228001 1.3038005041899123349 1.4057520795259765833 1.3626211288424234791 1.2786297505732120428 1.2455059906540171255 1.3564908001884048439 1.4058224174647309113 1.4197774697179608161 0.51623439898170775386 1.0612076445436298133 1.4104765131448619986 1.2735069464206296708 0.5580893313322918825 0.92582889826565673008 1.1627455199527696461 1.3051432864679861634 1.340293189673580132 1.2168227372438500389 0.94892478945102065602 1.400312810023828014 1.336631005448295495 1.3467299136235686419 1.3430369698683670698
1.3318969942067320211 1.170722917081843395 1.5105022580709013269 1.1844399014749436017 1.21408514685656721 1.3390127717028317278 1.0389776507094454772 1.2290038027808400933 1.2520399191297659769 1.1651975603236031098 0.79443785850443848773 0.93240524082455022992 1.2514246550183822926 1.1935239215625523812 0.28004989853738465611 0.46820300922868229865 0.83689375566669332862 1.0312011972542334259 1.1941446848840473471 1.3084815699622212026 1.2767665374067482809 1.1704190570252155368 1.2609206622194910619 1.4175730457433859399 1.4626707384590380556 0.89149421683239593595 0.80347862761533406228 1.3702986714445404282 1.3073774293810731528 0.85133877388948164811 0.72896313912977017679 1.1132657229175060287 1.2847902799154407028 1.2251815200444955423 1.3110467440223598778 0.91902039328720697142 1.1157711244960830665 1.0350782764172838935 1.4371848362978665303 1.3459505178934878522
1.512945711647542435 1.4534504010826965192 1.4206257821172518785 1.2803195004801364298 1.0992279620509608495 1.2066165843527962842 1.0305814994274065111 1.0132136805251643619 1.1299300173135709002 1.2343338813277593413 0.6724734794034233909 0.74073246218423771658 1.14759465195512389 0.67747670386302050183 0.53081672599353335595 0.98185074099838443029 0.92067521797623574908 1.3067305553444268362 1.404236797321906316 1.1168249239386032201 1.1417901729526045429 1.1813645322568160356 1.1675141553537020656 1.2639584532985208565 1.2282145509122046612 1.048727094933311399 1.1234611786943902167 1.2996792350992445453 1.2219340684037760525 1.3050314722123266264 0.713371574894069993 1.094464820467049293 1.1886974060872721459 1.1856827559426146301 1.039870825822081235 0.75414102985502073917 0.81063272633803851175 0.93754331439507232471 1.1499517579764966246 1.0888680484254140701
1.2069426357383545856 1.2500509683820419937 1.2503612496752989358 1.3534973406700312459 1.264637124621418085 1.1387903435888229176 0.9609646896913180969 0.84299697857389044309 0.86520805151581603454 0.94653157271186161292 0.6019737179541330141 0.86057449632267646322 0.85574741231944884134 0.30386845755782782019 1.2360550652894071177 1.3561858907111001837 1.3062757018922914742 1.3957681828807912972 1.414272910454672072 1.3084253744074385573 1.1562947783382813149 1.3475668538006138064 1.2043334871792388263 1.0888378570232712939 1.1231730318692974002 1.1397950801493133 1.4065220635107500424 1.3202111415552111318 1.4393600386847431594 1.4008411331759302865 1.0641160986777655761 0.54658104433986820503 0.68597520649600618459 0.924851594870505056 0.76550538948391610994 0.51437360809962318076 0.94201994115806464425 1.0755970889977455318 0.93878573667037013006 0.84323089467493372862
1.4148315350471181162 1.1855300369300585395 1.1149215719226974741 1.2011535960850130422 0.89680403353710846925 0.6777495976572102121 0.55396132775186046615 0.33777132408790389029 0.26508071156235468724 0.25232121936528822959 0.44139866291554885613 0.71567677287470665703 0.54413454078089684707 0.33789310163755631455 0.99936222604098945421 1.3454444050175249359 1.3562141933701434837 1.3736289763281908094 1.4485810896625448407 1.3407596455201069574 1.2217771101847283433 1.3499362074019112256 1.2596292325018541014 1.1495765017221244442 1.2398315528331105284 1.2188053711117654565 1.4430432652053077902 1.4117514745690167288 1.3390259479486208427 1.2470588008401124469 1.2378158563458059316 1.0319169747620611233 0.73252612855095244893 0.72980188844463389497 0.5081671538059057136 0.52789308026061332324 0.7662493142160285986 0.83562126591763774552 0.6232374224805959928 0.78554277286908835709
1.1247133259166957053 1.30830988489040978 1.2253780532602505104 1.1939283963528617427 1.2004260833133508779 1.1995418960009489595 1.1614497310530849106 1.0576328924169189349 0.42731670394018161918 0.67167328268484804976 1.0533597633245528336 1.2723730246792475107 1.1533588066921727222 0.66372902731538085952 0.32887235886746440938 0.67598098450761245903 1.3861036370036425858 1.4702511472605794829 1.4994536955625450414 1.4547154598249281143 1.3689283179923164013 1.3614388962529671012 1.3055182175229753661 0.93828787836421112534 1.0753433503171021535 1.0861939590319924509 0.93986468005916867785 1.1945132649544381032 1.2976710781196940658 1.1532058513700800262 1.2833351702931872218 1.3976693739561376617 1.0070639241870469327 0.89763285619463073495 0.7631953894209076994 0.72595981439356715992 0.98676284403938563372 1.1674981085485098831 1.0764429850314680692 0.96267017404087640298
1.1657341840189241466 1.5002294036621246498 1.3125135778988379354 1.3045239200550327041 1.1457009750106608159 1.2491325939678026291 1.2409611447478305912 0.90409867037638647069 0.39705387993613094899 0.9644160027580167549 1.3056077185863474988 1.3696828990097991152 1.3213597803475518599 0.99607421532028250777 0.77386990189165738574 0.4434409403115406878 0.39792727528943899751 1.0322386809819563691 1.3553564776468518538 1.3807969235545289877 1.5409908242253078647 1.4471562908294035577 1.4519688133461299273 1.2794559312165896259 1.190988682585156333 1.2529553617999709125 1.1213448899839570938 0.99037976599385524334 1.3387518055708440556 1.2264162091246855191 1.2499960074553559952 1.3140150796820493362 1.2029864524565048178 1.0964591785377177935 1.0268150358091585606 0.99975271288761502486 1.0638672728251912236 1.1066671399360121786 1.0480474956355756433 1.0507308574019496028
1.2697216932315484872 1.4976706876539354063 1.3225845008725038987 0.81098855269685687919 0.49747494463754871052 0.38231300044242177982 0.94147451393628378558 0.40217005923403814638 0.7592589502091438014 1.0094281183584530304 1.2510940194643032086 1.4128877381828168769 1.4186606606541476427 1.2271302521583551393 1.1374184301240721773 1.1648742001933860557 0.91256232421921690268 0.45739248429417006525 0.78859012689229301962 1.1134445976742715079 1.3738515372761446187 1.5352776677117103699 1.5119800478915230713 1.4596981422774273351 1.427335745662861477 1.31986365453793697 0.98489498136743358625 0.94171599776746461874 0.97077136431767263591 1.1725079718822704056 1.2511712319733798715 1.2708466406649399083 1.1943948188289041923 1.2223451087175791763 1.1506431423728868957 1.0951697340560406779 0.98744284774778801062 0.93480455533847439664 0.86847193767425312494 0.88492501800509004717
1.3048995072976299348 1.486205463442973107 1.4312225556099340551 1.2205199565570175047 0.51590497089952680465 0.33167780159801052431 0.63338097502298340569 0.35922022253920043999 1.0045388158532624345 1.0681646540159204228 0.82185141539349815254 0.99687922225367397999 1.1375845960290404957 1.3358419344997873868 1.4317726020889316452 1.3136930850529133785 1.3696112704059129062 1.3176743280549225723 0.84006381867945179032 0.4837538273330888039 0.78923504640186425974 1.4259433634079528019 1.5245363272153593659 1.4371064543020488635 1.3383922430361425704 1.2202783594504971187 1.0460403951949821533 1.2218950244160908802 1.2196792328707672937 1.3437806982490569929 1.1432242661414262486 1.1884715942001129463 1.0870713232535214043 1.0686477399677207778 1.0291576367597448094 0.99769140820640112022 0.90311640452499319931 0.81405403949784616024 0.9707808680272019819 0.9573011287866616259
1.1407478839994795727 1.3949552777861495834 1.1647746783246946123 0.67793803846184763628 0.72014978542388441429 1.2451766749710193594 1.0111746391086513519 0.41913359292618856955 1.2127686706157425611 1.2044323088403057209 1.1492150123369757608 1.0989315513499353649 1.0244620188240256553 1.01644497733751904 1.1645824757047917863 1.462213008546877191 1.452899742774941938 1.4882291554675708412 1.3046810936849637663 0.84471485291021797259 0.48691718225087260441 1.0008735551378658002 1.4632878651060818864 1.212968035252428578 1.3229506264548318573 1.2444514187692035101 1.3280343478034901672 1.4089061866735761441 1.381686988114426029 1.2845565026718031021 1.1982873552908306358 1.0761114947093393113 1.0654014935463482772 1.1628519575593339042 1.1422564414784934783 0.99066339101291334135 1.0988186409394677945 1.0698744771115140662 0.99694066709147677319 0.97687673938127683737
1.2388535760522221274 1.2267215768010850674 1.4274192733667927513 1.1208688696130626461 1.351054304765843872 1.3429018817874016634 0.74743368144383626195 0.59813745211116708944 1.3472893462376167584 1.322825753380353575 1.2606448126308507085 1.3456125616480609786 1.3352774370823372596 1.2695013477246162026 1.1807552122304314501 1.0546410735017335281 1.4292033336327292226 1.3232229717815964243 1.3410807254613876793 1.2980651024535090343 0.99780912364718210572 0.47317166008415995071 1.0356312278038779517 1.3020309691367373262 1.1494662130121562349 1.0651825516178767828 1.3668887305730192949 1.3581973634241133464 1.3048326977962796391 1.3049388357958089379 1.1981805992383876003 1.1438535992164791111 1.131180384861546484 1.1717367492177557242 1.1523587657780727245 1.0507891416287455932 1.0224780657123024863 1.0379574354667426839 1.0378342657473096367 1.2293653106685511478
1.4123076862221788375 1.3206733720070409355 1.3111842305669290099 1.4315144510376363041 1.4432618348033148248 1.3666881967378627927 0.62629232606167783981 0.759559689809557681 1.3765396536338263545 1.3679962854732887756 1.2143185074521416489 1.2026751522243710468 1.2099857540045015902 1.2852712556846457304 1.3933456728928381718 1.1522245785209013214 1.3083708051153219998 1.3237615739422081695 1.2575613335593631703 1.3231356889325711634 1.3264110582676300609 0.86985732832796724967 0.48516171796439050423 0.72841170866734139544 1.101873056014765595 1.4343493154943907086 1.2302890634032981332 1.2299509656513341049 1.3031994906887838237 1.3714969969061558963 1.2521240567737139671 1.1992764244510034644 1.092787960786037349 0.97089335143624211355 1.0020151776888015505 1.0179955510914293626 1.1286356117566640478 1.1893636787449906045 1.1928988099003912104 1.276278857806083078
