rofental/grids/srf_rofental_100.asc
ncols        322
nrows        225
xllcorner    622802.488000000012
yllcorner    5178049.378999999724
cellsize     100.000000000000
[rows 144 to 161 of 225, columns 160 to 199 of 322]
0.87108685711575573052 0.84900377558073047979 0.9385901725779344229 1.0014038397318070217 1.128418964021227211 1.3025800914368577121 1.5943669430131710563 1.5659211576713163439 1.360842555008842103 1.2433391424604720576 1.0057657180323118506 0.94507294772219896384 1.070427857941058214 1.1149300646654343172 1.0639000153081776823 1.0593948567532258664 1.062845417900806666 0.84028473271467807315 1.1177016519062488165 1.1143426305400858656 1.0825455545819124836 1.0937929872729430514 1.0025777924407552888 1.2234706222372651041 1.2321575031227995911 1.1731567401966591646 1.2053882815756140623 1.2838408342369240778 1.1789596336103689289 0.92493079585148663124 0.68731914147212891386 0.66117590048255847623 1.1513829127815555786 1.0743235940508504278 1.2644175118159233229 0.95022757100689247967 0.58367463218023218907 0.91955203134314866809 0.94182666161388584047 0.91718205779473838124
0.80837453074962084543 0.8621697173665048286 0.96298053943512362807 1.0860940226329469649 1.2757892622766240365 1.5141031559064765943 1.541798874498697014 1.4467983843210445727 1.2798283486714949753 1.1906638109854903451 0.95459237623771331371 0.87029087351093092906 0.95493238815577041745 1.0279990793941209404 1.0084664016580151547 1.1060050452119216668 1.2999716637831681965 1.0436206628502140425 1.0121366489920369247 1.2979431968786521168 1.2251724092382649811 1.2019360311583273671 1.2547296580553133349 1.2482819220929930459 1.188626049394046813 1.1949068718560851288 1.1877503121418686582 1.1372514412268641681 1.0908064415173759354 1.3349586381602531748 1.0524247828487149903 0.55845593027325990398 1.056413766644098029 1.1489532379942115625 1.2064653022695721596 0.51206583711314679341 1.0636980913565894369 1.0977013546827412149 0.93307500514228525201 0.90658776196956469828
0.92973374298022015694 1.0761894478844391543 1.0949886624614553199 1.1787889520939700549 1.3615691611251476978 1.5635843351508809107 1.471430800585457277 1.4603262362116491424 1.2626876020580786175 1.2695909783833112527 1.385050141234059673 1.2424668387422106441 1.1050264308501591692 1.0321395233763919208 1.1586708506333542879 1.1963624423387320128 1.2235187269802596521 1.1699198374325572303 1.1264760398728335122 1.0418687565445967635 1.1231354180256629682 1.0701871603081176687 1.1652991486851487224 1.0990053391868213062 1.1759776696211716729 1.1337154250632064389 1.2976096386250088877 1.0712193710637651911 0.96697594478627746373 1.2649305845212879262 1.1333044011632169568 0.41302635920248220724 0.34740952634754185269 0.89697560556281152877 0.65919941443820728733 0.73529400831965574525 1.1534589246428854636 1.0495582212571012981 1.0050254775850486766 0.8844219184477503104
1.0943025789921803081 1.1535284129060388025 1.2140992107103567577 1.3147987379287684462 1.5261435295700982451 1.5245610328952037271 1.4745101042692887461 1.3558059892986122907 1.1690303558747672241 1.0620457784816790259 1.1916226253749895303 1.3560660613718291678 1.2571055819703993439 1.0723036488193646854 1.0247365681649338587 1.0502984138420550231 0.9866872603540174369 1.0694541923486140522 1.1465726520307997216 1.1197258421412674689 1.2292976920352489678 1.2211279052110965981 1.194937363094320304 1.2412029439059293345 1.1904351631450889037 1.1247779646532216624 1.2052565167472399921 0.97771395985916853544 0.91928960134899473378 1.1350557440622550676 1.3395913987235581466 1.0189912044739957153 0.20280063528655717375 0.3109285324256692018 0.64500023012828400226 0.91423350277471171488 0.98166941245628558388 1.0107953797669146923 0.85410064590274414886 0.82396562367000292237
1.0561344282375624282 1.2165717422539881198 1.2368989768618603442 1.4630746603303015352 1.530250576681492003 1.5067972716803996747 1.3318803382272976776 1.2092743724875192335 1.1880343384931493222 1.1036133124803222394 1.0611349605567892418 1.1125019598627008399 1.1928215175890080069 1.2790978193596318491 1.225927203964772616 1.019565232021318657 0.84230426515588296965 1.0321832244061912576 1.0509815974350127377 1.0618529553043440927 1.0295130235939184971 1.2680730039739223081 1.2834282932512599551 1.2462552419532442194 1.1950756720456827686 1.1847527157139414733 1.1475260682756875941 1.1615882735090634625 1.0737218398785532969 1.0906369374774218528 1.3359450686012126486 0.74636798274782989449 0.22684724277899531719 0.98604342895582153261 0.98102439183240441878 0.90951242896778472513 0.82576225038519324162 1.1847482716437918171 0.98827135756551720558 1.044195842031308219
1.1744320466188340468 1.2659037674447126687 1.3601714789417962415 1.5508626401480030133 1.4789134665603473895 1.4193867170473866146 1.2154350157121751597 1.1257422810804400548 1.1155294818883323416 1.1239559849953464354 1.1274311966351069358 1.0777129160372540539 1.0506013626852777065 1.1213116371483153877 1.1597165117521415212 1.1474370577409391814 1.1288856388281440779 1.255604477776335326 1.0524139135008647727 0.9620605716405612462 0.52247614745891213239 0.97943310288461382651 1.2833185845519761159 1.1801787354351056525 1.1494583188913787275 1.1339133664709861726 1.1611349233514127732 1.3061150112286536995 1.1590465618309702123 1.0548498467319786798 1.3273448607825542034 1.1864530508282782328 0.44160577751870877528 1.0696488008051892038 0.92310044913727729021 1.2358549159648180016 1.1206886447750734614 1.2423632138993463414 1.2299398243379386919 1.218517274234014014
1.2736249092975282515 1.2268937280351051022 1.4894014697115491863 1.4980405106659295811 1.438746536234319251 1.3326151159307568772 1.21019867908321066 1.1624323591808034539 1.1344454109000081665 1.1104964203358025365 1.1781639312514307072 1.1856449978093799302 1.1108305420981059441 1.0971001713538646172 1.1024961911299804296 1.2054979227763720218 1.1841458849952446464 1.2451452664972744167 1.2542940933228809985 1.1758094612657166156 0.75626303826750662651 0.57503129862775381742 1.0533449164919352903 1.1158722605848288012 1.0577854169321707634 1.0395850276819533775 1.0798548600450430524 1.0101402562522712181 1.1274855822552309892 1.1247632234963944597 1.3192330948553649961 1.0925046218108720453 0.32416457626787081869 0.94842217442450671427 1.0032895829390808817 1.1299839185063107472 1.1824221754146724273 1.201436168978093022 1.0674121310740463109 1.0200306948439537003
1.2631586811786474911 1.42323880696527727 1.538223187935310543 1.4339195554324155601 1.3651636665396673642 1.2427843704835956906 1.1697040923581680794 1.1634151897231304051 1.1449655991090690321 1.0484605330515603949 1.1414833267731738786 1.1209654126543240338 1.1510132662728913555 1.1600357005576396041 1.1415300328811386343 1.1934845342653090938 1.1699000928877230088 1.1635122795995518352 1.14883477533542111 1.2983798067292244838 1.108811289430981617 0.81636943698288588767 0.52216681163387945741 0.35909762799494704399 0.61146645798560927965 0.90366883414333165625 1.2539396827646505095 0.92431382321332744567 1.0034027365976316837 1.1704362810710167153 0.96513102824426955095 0.71918757494063068059 0.80118754377004619549 0.81719979301826850548 1.1053494560620209519 1.2718122491813419472 1.2205931925248547643 1.0784207832799268534 1.2222611890246224409 1.0754997648777384622
1.3731049235013166321 1.47864544498584638 1.4919257070337619275 1.3422438103252858355 1.2824454470988779775 1.2639453450835596016 1.1317798957678926186 1.0849823782320522358 1.10928683720713539 0.99645425120830355414 1.1230156559074249145 1.2235304411683229908 1.0113554766719401456 1.2100233688770067886 1.2722370631478991942 1.2293101849086216504 1.1135848099815754964 1.2254512003295729983 1.2840823180561149464 1.1552364510185793023 1.2928350222083722088 1.1044356147898208853 1.0197621478676983653 0.98466579827919265 0.46585948767165297202 0.5142999719392629121 0.99913705505303551657 0.5650931711734105134 0.72786211315175708414 0.51559227203267776751 0.9574501851694642296 1.1587793973884694676 1.1766198799673768249 1.0788344872658082174 1.0223145874583057235 1.0641632699065080025 0.99169838053486170093 1.103678595925403183 1.0170730415342834618 1.0273919287306676473
1.4176241282612467298 1.4532928613454343392 1.4941326933318586079 1.3356081190530377789 1.2018379021642566773 1.300518178738238273 1.3046187796414840943 1.1691678116102264262 1.0551531550183144148 0.93746381549508761566 1.1030769248026928153 1.2157760713223244586 0.97732143662241277582 1.0936576029034672519 1.229760641248766273 1.217432059711537562 1.2076575409488650159 1.3273558794531077343 1.218489285529121835 1.0284719044925489939 1.1335648872360426509 1.3508960084551699943 1.1599281503361664747 1.3297888921879654767 1.2979936483085481314 0.6357748931892158728 0.10000000000000000555 0.10000000000000000555 0.11846009113188023243 0.89369782849255630097 1.2002844605166482772 1.1963164866241489115 1.1763183732475896992 1.0243714073094816186 0.87818697544904711361 0.97394676960691062284 1.0677838651474900189 1.2035001195045809119 1.1221746264037646412 1.1423975816520464122
1.4426444291387765517 1.452067713445963193 1.4904157077568780387 1.316552447014595506 1.1346639131099878206 1.2168011895850567861 1.223446571871335653 1.4186271743239573517 1.2536529368023692221 1.0612180381512708038 1.1951556816090569413 1.153981718825610514 0.95752016557447239276 1.1475189607949860537 1.2319163914508597379 1.2495226089457931451 1.1914342615926989399 1.1252111240656179625 1.0423349898578961881 0.9797393370251842315 1.0441826476317146444 1.1276951709538933777 1.1469839468802440763 1.1472711082380251391 1.2190290041307294544 1.2883370267612246352 1.173009539492737785 0.65193624387668069886 0.16197705574454890343 0.95047843294684386528 1.1403215275730318456 1.1209320754604132908 1.0727380128175454388 1.1609372019995283232 1.076607649705817682 1.0286249412974386441 0.93698641022106687881 1.0278504975599056515 0.97406288813469277255 1.091808167590182066
1.455130815888501683 1.4516819187370952893 1.5173961739256607295 1.2826423635206456453 1.1126360972899791424 1.0785983103883685086 1.1808650991095386296 1.1823558052839655552 1.3712900885115761884 1.1805618525839465249 0.95816344687643539846 1.2155192733186763743 0.88604147864367344134 1.1147657828315322703 1.2507743951144076888 1.31791002995813189 1.094814407157373104 1.0614700454012035991 1.203360219543626819 1.0723416301343058343 1.0169326773625866345 1.1237629268258504389 1.1838742272738735917 1.0393177770451691444 1.1000693778357504282 1.1482825606912805405 1.2094944362393102999 1.1109108279910560046 0.18415153329725403308 0.48145917939183158207 0.77645116152147375388 0.98795715331459910136 1.0545394011918798327 1.1565572983868064316 1.2552422431609595588 1.2462765984404664543 1.133280381651296187 1.0080074450225935401 1.0855453170359601334 0.97642236446090291402
1.4971072707773798172 1.4075096200998524765 1.4437303303909758689 1.2253023956094664104 1.141933221331154158 1.0507059659504869309 1.0774575527877807701 1.0650603127998610198 1.2707233021682244889 1.2564324106708508744 1.2014318378771084994 1.1818392912616122459 1.0809736247496330996 0.93450014623846033857 0.94188823195892690254 1.3031070781080600351 1.1808894530522313637 1.1356619808369181612 1.1877951427732900136 1.1584221001284855657 1.0658574378789902326 1.1326129296514733102 1.2942851331644080748 1.0291274229801197215 1.1292576891490382351 1.1727683726802302644 1.2058617815574717014 0.64631080238785765246 0.43439451156996466974 0.68211499099480898956 0.74723987138445702172 0.96702061178575926537 1.0130681396121969939 0.99180067380207281857 1.2314722101850548164 1.3328504386524644421 1.2363815578073977797 1.166665247114873738 1.142970837785581395 1.057732011049972165
1.4733908153429413623 1.2756773281967923594 1.2022029864218652939 1.0980115922008375495 1.0433740723776403492 1.0738258026966787106 1.0149185649885197336 1.0899286700587591525 1.1090431644360654317 1.1553476586092796818 1.2080588484257974713 1.2087192985690267122 1.1970306258888350204 1.0412180270857338549 1.0297393496343254515 0.93870676473897085579 0.93759001481924375554 1.2546421164719427921 1.3410456532331966883 1.2660238566939134852 1.1105453166834287071 1.1617610098732664703 1.2780811294323546345 1.0555416286571797091 1.0327319263199059574 1.0746193087682116563 0.93780998529874648462 0.34209381253986337335 1.0368909459879640522 1.0673492328165283816 1.0395485271640554359 1.1481447789805403481 1.1803409988580848555 1.2376602185504195219 1.1607765837283923194 1.1651022444827208169 1.1295198468008513792 1.2324531483025027434 0.95340084477124986684 1.1289159395385475193
1.4282411811795268086 1.3958674555606531698 1.2643412090246153312 1.3101837711039241441 1.3007852627617921826 1.2108442539537302984 1.1658564581632369084 1.1613927478148362571 1.109279288413447917 1.1730080099365438606 1.273779564245597129 1.3068371018237696646 1.2300240403392823652 1.0967292874630643063 1.1768694502714867056 1.1309938468904476849 0.61210113184794989749 0.42356832450603687512 0.59787996781072272334 1.005201716417555069 1.2087893874709068065 1.1362099733007560154 1.1792677284196977361 0.93138561990236035104 0.91796151571713535677 1.0561911470535645385 0.8389436736690407681 0.70107827489969798407 1.161938025439328559 1.0444356172617528244 1.038053916376252328 1.0704159511304844887 0.94691773906481102596 0.99625959653934670346 1.0051173611861945467 1.1863206708529299149 1.1672098151694814128 1.2364979853160980028 1.1895371492558228788 1.0963631798238717696
1.2655146306020303992 1.4749699552665478386 1.2399819963007634449 1.1835462182148424048 1.2090591745153205228 1.1282825137545540173 1.038304602532572618 1.0521668606070648799 1.1468308707026459992 1.1781895733292722106 1.2545094209658196327 1.2012585509765765224 1.3123314909935748229 1.271966435364248138 1.2187312981016478197 1.1663850439656253677 1.3101579786854302689 1.2113795783130321126 0.74675423054399481249 0.4475458981554456539 0.88489991953757707321 1.0539975802341168265 1.0881070721298673476 1.0401445105481219588 1.0511830940615078944 1.0346132923812159099 0.67382885228354805207 1.0913001690979657887 1.057179063297902788 1.1664202026414374203 1.0427607336153390527 0.89270073777020753081 0.85091112812913038965 0.86274269644026924109 0.99450800817088547134 0.93549828288764724782 1.0218159609589285708 1.2040816407888907946 1.2204501860040386507 1.2558066080903205197
1.1960153516064935264 1.4001532595875514353 1.3169959583181141127 1.200565670289665654 1.2732815341113288277 1.3198147580943206947 1.1675486519536666385 0.91776001279121732779 1.1077659787077340781 1.229641190352461777 1.1684126219451473894 1.0610576387770189744 1.1977639059260347665 1.2580595994327419263 1.2573386742036145591 1.1071830771944064509 1.2335331191816929497 1.2778236156094102682 1.2332521801212412704 0.90223078834953074345 0.7103711052344980903 0.71313469084194613945 0.80304315128429559767 0.83912569552762084069 0.96729919924013696431 0.74493828208085988152 0.9608827986824014511 1.1391468257357639793 1.1376871192760258378 1.1328141749206452893 1.1518957008376768947 0.97844755413785466924 1.0014539712719110476 1.1183302766118812244 0.95520501586955475215 0.97199036737051713875 1.0262456998082813975 1.1042528006379468408 1.0232377663145102442 1.2809417967159886231
1.1832621282298843024 1.2440534392363302718 1.3458674492826769864 1.2853196490716256584 1.3247754472546404703 1.3430137781506537031 1.2986752822574507693 1.1208556617213720763 1.1762975186292248253 1.2182253870386512418 1.0714445212315268918 1.1147884472084341745 1.1893637808350754348 1.1815155873532812159 1.1956600919432407437 1.161110115532640652 1.1115022001239565075 1.1814420705627308728 1.2926247384526765583 1.358298073800789485 1.2311944461765653713 1.2037408088344734303 0.96546464806376419698 0.31889735499181937062 0.26723734670552851123 0.31223747921748729039 1.1786401986959380572 1.2145802771220357563 1.2147298629253846514 1.0613288711261348318 1.0809572761474179892 1.1723775096364641435 1.2209304693665643526 1.263493946418314362 1.1961579299732902903 1.2196590704267973315 1.0719559568973762165 1.0860466986189893923 1.2245403879466110197 1.2745173171778323429
