rofental/grids/srf_rofental_100.asc
ncols        322
nrows        225
xllcorner    622802.488000000012
yllcorner    5178049.378999999724
cellsize     100.000000000000
[rows 72 to 89 of 225, columns 40 to 79 of 322]
0.7663167413127029981 1.3309611460538468553 1.2836321874819536237 1.2169275640433716568 1.2107723883536931631 1.2176725693036485332 1.196226961641523534 1.1169770563004748354 1.1054664625436847469 1.1045066793165780883 1.1250240485210025732 1.111722791855496606 1.1895060347373203058 1.475750378630354076 1.3617004976812498995 1.1909387285746455554 1.1664330489096383925 1.0666634295293562218 1.0923805346350938805 0.89571011151359536395 0.83577091250932644684 0.54053791385287297544 0.57475542693005532424 1.0445708843861722936 0.92926261026044409963 0.95740944181881626474 0.82651014718177007179 0.82690418363756157394 1.0498569772233197206 1.0630605293386874433 1.2210560928862719265 1.5014913134986671572 1.3721155847939787709 1.4504004280710911523 1.4735760413212293241 1.2532392017048530342 1.3672054639823580935 1.328982732861784033 1.4121394312356512213 1.4661976220207093569
0.41098861740767500539 1.0587142660328647814 1.3418726798056173077 1.2772621446541121415 1.2151210075036176228 1.2392464233149111941 1.172713518194047122 1.118077232506666796 1.2172164107928433729 1.1810799895239243451 1.3226094723182133528 1.1331215526687632433 1.0224472335449112936 1.3729518398231705945 1.3513788207959478438 1.2639934479152898916 1.2109796084657580284 1.1544049201153345763 1.0860748473396992786 1.0135501316717543396 1.1064858863334050554 1.2027475248912364858 0.67508405356005174447 1.0934305370456973705 1.1489207709925899348 1.1226182165000286872 1.0190521223678739027 0.95271592461966791987 1.127914424890091194 1.1224879542339047944 1.2376348434274255794 1.2708898655299241121 1.3218876156119829801 1.3028238844142074893 1.3580779425163442831 1.3911682677169443512 1.3674380493002840087 1.4151992662513235288 1.2736065804996921091 1.4119661311190161435
0.86371420335364668119 0.38391786046803971777 1.3224534619030992033 1.257576918015936851 1.1283352155984540666 1.2117422175959242647 1.13561825779061909 1.3324361627411849263 1.3132173228028067857 1.2620666313435173755 1.1459895092495939739 1.0376095893298511452 1.0239088820277149061 1.4495839077093235492 1.2736741945010585653 1.3250892019761355556 1.2585108549413788204 1.1581998604407286457 1.0354544906869824761 1.1056142679799763062 1.0997814296767347564 1.2860776220666352287 1.0674611366281170355 1.0530091238842613777 1.2744151656096582848 1.2040422090071802863 1.2680501029431350268 1.2185929387565110904 1.036295533572787031 1.0100193915154398461 1.0903133408780969482 0.97124677773674772396 1.0817764799061739822 1.2888639961699031034 1.1474308781808291169 1.4673023218640872667 1.1809698728721023109 1.2565869353075069803 1.5172788554158567198 1.5231542757485818651
0.83464167999780747298 0.71195335751388078016 1.024619516535088426 1.3322648686286586717 1.223305649945987561 1.1755894138270606142 1.0350809253729105208 1.2940558287613819211 1.1858674216869498075 1.1699087360032451866 1.2047048960472879209 1.0429845710473009124 0.94516507819425565895 1.1937139200676400996 1.3960008312413534348 1.3945481235379522111 1.3794694912628646666 1.4274951817789511832 1.4183809903257755813 1.2533151666134747515 1.2245521564987302821 1.2243721240697147401 1.2844578648321183234 1.2035464100257922127 1.0522210588485316762 1.0426962229461740339 1.0656861377411384062 1.1839217870572360525 1.0440174884783273157 0.87865118598387925708 1.0966040471561555592 0.92720147979749834022 1.0406428238702252198 1.2610678341835832583 1.3898993347438606261 1.4735305755179934906 1.2218448260328909072 1.3144946806043948939 1.5848268278877701842 1.4312659152000306584
1.2492723539267278632 1.3287045270291344412 0.65550836725008088113 1.1857687185682157516 1.2279181756185515439 1.1061874702540688276 1.0190968018037631637 1.2151970189545329148 1.3084708690052222479 1.1174178132136622921 0.99945864094708403158 1.1282785032500179945 0.99799682265086719912 0.93393543799923217641 1.4667402016521522423 1.4725059045746400344 1.2756069172407125123 1.30760335135329675 1.3462066539342023574 1.3479905202975648315 1.3139985245949472592 1.4029356811127535742 1.1228761603261858681 1.1569654333893180098 1.1235524752737557908 1.1520330827438272081 1.2450048135652778125 1.3441310790775353734 1.3261235418866474944 1.208225498861513536 1.1811948507154890198 1.027247620015113494 1.2598164704412739834 1.4602362615635202658 1.5229871956245215614 1.4100255926139255713 1.2847109518254569149 1.4860192561993650351 1.5143877348693144391 1.1824373693097887106
1.3776481360948975574 1.2174390647038100255 0.37602302992534863968 0.80726941749621861089 0.84066595663166998609 1.1235362901217111897 1.1916885618893107157 1.1947276205997290344 1.2583678073950430587 1.2999865850209963991 1.3578227032501666294 1.2182412080476119343 1.0643130614584732641 0.99798475041545686715 1.2136484541119512137 1.4349375324363873307 1.4448782209893535899 1.5127214792848799885 1.4721543341640357383 1.4000614102252066928 1.2844737703033664022 1.4763464753736537105 1.4644095324683421566 1.353263043783916153 1.198946741997390486 1.4050574041788594926 1.4350629450787610875 1.5632622460384437701 1.5204954541877171437 1.4874549492645097182 1.5240043187821592507 1.5468158777627434297 1.6000000000000000888 1.5962071611092631951 1.475622304165866705 1.3148569625114954196 1.210547556963566862 1.2966195974901322252 1.3291914824350454793 1.1710518146540795925
1.2284672990833840345 0.84023355635161445232 0.16585927469448696892 0.43863055448469367992 0.88387011750437360913 1.0575431830888546436 1.0970531047255929202 1.111370211032239208 1.3373846654294396785 1.1891710089192075728 1.3666272860874517647 1.4620632018475192559 1.2799406474184045202 1.2207358403740768971 0.97173348546929494418 0.7480629083772196708 1.050660358771044578 1.1356010245249166246 1.0341794817726186473 1.2138565249231962895 1.503989363632109777 1.5554453316224599035 1.5464688437864508863 1.5130898808795540944 1.5248416402680358139 1.598378231994990184 1.5749013133236253736 1.545794589270612196 1.6000000000000000888 1.5749766154104962723 1.5718203418930536408 1.6000000000000000888 1.5337940090189490228 1.5001462690938596189 1.2345265352733800768 1.2234289764193682082 1.3162745417453198815 1.2915734578934991994 1.3322046099640361128 1.4209078338563716493
0.38861644279889429043 0.47032618959875482911 0.41507980771635877293 0.63757774716391857339 1.3136210320333510104 1.2146987986944630666 1.1972325239129408825 1.2458017652774375783 1.2989133891633128925 0.96329584369146514788 1.3062637947034203556 1.4065005102960586036 1.3271513430442158921 1.2820091096059393898 1.0445337257796185604 1.2664536258270127078 1.2364080392105765149 1.0733812879471629209 1.0251501249652308356 1.1429626402260328888 1.4545811479650270215 1.4679873578211104501 1.5146580042607218353 1.3790929643945659677 1.4156537829389588268 1.5768088769078123512 1.5405462057741123871 1.2557000826968933715 1.280746373645496039 1.2901052847905165599 1.5091563528121632043 1.4625421663609037282 1.2848346495058100558 1.4539923917334958148 1.3064062559768729876 1.0874157856431667657 0.96652742639610933484 1.3427438641977953449 1.2787452512279573469 1.4454818687221235862
1.1085435851266400853 1.0941029592595381548 0.90184969546144788666 0.50555154833561333216 1.0212315541796095353 1.4078232577756608634 1.3795413336190380793 1.3352352428844889154 1.2787195587446282818 0.89159903448216137889 1.1763779943651979654 1.4155300359559517265 1.3161667216132899583 1.3805027909902118921 1.3769137348736477655 1.3784330138952420874 1.3553719152465819597 1.4643788454380128883 1.1708782044743624162 1.4644288072808162582 1.5271256286458372298 1.5293796745344838683 1.5555384922439108308 1.4455309343601951966 1.4026452734934196087 1.5231770037921634753 1.3857032349042226471 1.1561442709637388404 1.1996909723454964869 1.3451725009851291937 1.2885300731227049553 1.2275209728583305058 1.2231513641809672599 1.4469293325022249963 0.98506723774390136938 0.81427158987925496447 1.2945168956222516954 1.381419391392156637 1.2689942994624883177 1.358496511573430876
1.4015784870727125977 1.3340324987829237369 1.097234933834079218 0.86508947755590659412 0.5817960587589506849 1.1674449005158189507 1.3589562003396902234 1.338688355409193953 1.3540543200272809887 1.2515464649026002419 1.1214151387661930315 1.3312786025170519899 1.2460611319176719824 1.1992736166104456252 1.4002694151053010074 1.5255448643871081238 1.2449845870633791112 1.5356621682377009641 1.1481847375823681645 1.38559423884588373 1.4997147276605984345 1.135287527010306885 0.9555383867912903284 1.3988860508071649935 1.2463075765495066349 1.0125863945542135092 1.0505450579934576538 1.1770764369216011325 1.2245260227922174501 1.093351226017491129 0.82652927121408215072 0.75569927861747832054 0.8290480393311226992 0.99627017387636496171 1.0093621460131552148 1.2024146326645599459 1.4758004760139855627 1.4039523476667654656 1.2062154375178533172 1.3466182069603580551
1.3869058511729106531 1.2493080323140892673 1.327151026260074973 1.103333971732432861 0.85436802536436962097 0.58753361369276080328 1.122772135030699614 1.1710008657901298523 1.1881171878214136228 1.2350942110639306915 0.97180923342216241068 0.60954983419205943651 1.1131113581861584727 1.3752276875578188786 1.4963558989737801852 1.4526791855339635795 1.3361925429119463349 1.3880908128097653176 1.0462143486575634643 1.2406299389406187927 1.3123404460085308365 0.99365699221710845901 1.2614683616007571487 1.2330072720304130485 0.65471037242402785328 0.54297960488112306798 1.2359917746615805001 1.2583333007176169538 1.0797939316316069736 1.0274654770297129147 1.2354845043165325613 1.0416200639423749408 1.3153100775290811342 1.3659355965596653437 1.3631175316992307778 1.479368341620689975 1.5010516946951792949 1.4717605194698100135 1.2429055963846840083 1.5102668673938195454
1.1468958312026702462 1.0663688832701581077 1.4348125929887858288 1.293664692343165834 0.96782288996645493562 0.24959774846150933891 0.61212748002744643561 1.1226933413990045629 1.0726853680371983835 1.0109062110112212451 0.25973416677988153678 0.5845419294277384159 0.87210950388786523391 1.1624601838438488599 1.4597722307989213775 1.3789106178607453135 1.2200629054081679747 1.0696634961528515007 0.71239483973441863895 1.2997724565854402723 1.2311934897330631955 1.0288216173787785301 1.1618273469043829405 0.80820858803467965359 0.30188835110302053577 0.54751506945622052669 0.76903695272796979143 0.66638151854214078273 0.67672675580449703769 1.2866725077879606065 1.4489847049083983688 1.3729886580271832841 1.3821973987603133338 1.3356253581904635741 1.5039176875968403024 1.6000000000000000888 1.6000000000000000888 1.6000000000000000888 1.5504046711742480724 1.2441927445634881622
1.3722760028061666837 1.0851557980239483481 1.3403143719764718522 1.3516474005062444341 1.0395717877432839593 0.48548005388447856845 0.29781083064065616561 0.46846506876138971354 0.30213535712489675289 0.73523645926729186417 0.5794929446723270372 0.47887395463877913127 0.24203481176001345743 0.77256093888014587545 1.2167506987720027034 1.2484266697311752203 1.1167813337140126695 0.69500082090677794966 1.1932565916521142846 1.4086325191098021392 1.1705959666404761599 0.86326871892152468035 1.0667536037264482296 0.63983334880690911906 0.49300534166833764882 1.016900682489137786 1.1418484587230373073 1.2476489147385705358 1.1479093134028874879 1.1498972056203933256 1.3042149402421467919 1.0904749106792865909 1.109007007006286738 1.3120607655182405793 1.5951996472659240034 1.4960925624820333724 1.2880499435628953719 1.39569788418586338 1.2643660887823893191 1.0303390458746353175
1.4278907020082907131 1.2301031147603966875 0.99160503379053410722 1.2217173506148863993 1.1040780192552972494 0.77215372463590892238 0.77286725711794679317 0.96787316207984441796 0.64087421638831298942 1.1150611878327825188 1.2589702304302843316 1.2605551255330129656 0.75386704099980883509 0.41550367070138038983 1.0017058763458861481 0.82276421959879708634 0.43274850529263209076 0.67693314227922574133 1.3332776897526323889 1.2623416330324377377 0.75001096894109009483 0.50293787408993850807 0.53329828143181978728 0.91126140500501895403 1.2074824556614516258 1.2861425945547075855 1.3047752369732110722 1.3232716464223770458 1.1228453917555460961 0.96942092104898736071 1.2483374534756985774 1.1199189775643656475 1.2173180827456053787 1.4241375483658740286 1.3644985897682162523 1.0783173692361263107 0.96303579230027780422 1.1566520713826604627 1.2655098513307323493 1.0520654897982169018
1.4449874216306046737 1.4836014447873506761 1.1840585816221254056 1.2888067163035619167 1.3841384661589215543 1.3470359025157390143 0.95833054125368910547 0.80367703097597931183 0.69206816705525819877 1.0822016989336877835 1.1578205533707239816 1.3206087167201263632 0.99308000434990018057 0.13831547066220523101 0.19591976721341569645 0.20298643915391606507 0.23501127231499602255 0.69837532525177337117 0.97398072534721147342 0.83944318802699480209 0.29397064096516101195 0.80325778550740356554 1.1213429362351967633 1.1580247376971437578 0.99568885267788653781 1.130187431612135196 1.1461297199189641738 1.1579893684825546263 1.173690109242744084 0.95842964615302717046 1.3423731693329727932 1.2752852224059973985 1.5555674120922091674 1.5065009459152034488 1.3010455950191723851 1.2401073014147101503 1.2811249610823984835 1.4127830264552967421 1.2346171281868558722 0.78873261836812424974
1.4221938542394143568 1.4940489599024489031 1.350107793326061234 1.12571983659519681 1.3573619418635727296 1.4642835854822455754 1.4406600540989051851 1.1916477291379452552 0.85150993833491417373 1.0741690548095506053 0.89224721519961969207 1.2119310206413727027 1.2817810788703831726 0.70596051403523663037 0.63332458311772465986 0.9175418553100167518 1.1101535156407844607 0.7108095741844002724 0.26144225585228825226 0.41343659072691285594 0.44121636096643568337 1.1153631663881187208 1.2636852536498783817 1.2486983006093912429 1.2112207897589550853 1.2276158553910234694 1.1700015766385378768 1.3303760378526452435 1.3420489370598065459 1.0677901474006465943 1.2638063478903815984 1.4644384111533672588 1.5033254719885533746 1.1964578690746274781 1.3036243101887923235 1.264337666896821144 0.95190710064723160766 0.99901023386187348674 0.93788395953304026786 0.85202881967891008763
0.99208292178498846958 1.278853476397858957 1.4355994375479816938 1.2241213036343134846 1.1544242958844330715 1.2029675279768934359 1.284312162349958264 1.1669263067852502225 1.0994476717399350729 1.0130998826324684181 0.72839518824684312825 0.91751500678174380266 1.2792515607787171561 0.77621966770095762733 0.74647242032093785724 0.96114188450708637479 1.3081409303908206887 1.1562924908677105762 0.55207528536156436072 0.98919745560245297966 0.9884880018269466273 0.69612978682927739715 1.1133994118150707386 1.4180799105529020565 1.3728044270944641525 1.3395785658695991138 1.3751557333178450193 1.3366956615453169377 1.4514213719561657179 1.3661442383650193033 1.5148655561146147086 1.4931707463221053356 1.2950791301590718341 1.1675698927432769381 1.3340624019378228837 1.282106085344582258 0.83278502015543642845 1.2160706506840364138 1.1360808122120733543 1.2628991549521531024
0.78808145129988527167 1.2449223429627294113 1.4965076112747710546 1.2213413825812526881 0.69994249183277457149 1.113631511808156116 1.464036146474840816 1.4786920306958841742 1.29034225222219745 1.0939808279384417578 1.2119655213948639094 1.3068347810473572856 1.3979527132252740351 0.76155939819879858721 0.72926155005422366173 1.2048829133541836267 1.3786166008071458755 1.1421493339794572819 0.49995362340410831603 0.7432494592461953431 1.2409444247111394155 0.85882788709913226999 0.91557085589851394669 1.3623733885257012233 1.29299049465938376 1.2664540424580916778 1.3911196800138001528 1.0568432815152253301 0.788466223522983789 0.48956180340254057404 1.2880592052961432614 1.1714363425105807082 1.142419155550194132 1.2813681424962424238 1.2986020326209493092 0.91006327950900545165 0.82555617064132491567 1.4340730183610825854 1.0514618491364347008 1.1508892116142737105
