rofental/grids/srf_rofental_100.asc
ncols        322
nrows        225
xllcorner    622802.488000000012
yllcorner    5178049.378999999724
cellsize     100.000000000000
[rows 144 to 161 of 225, columns 200 to 239 of 322]
1.1002885907677044663 0.96066531432341684127 0.98555693376655228999 0.76924580901567995994 0.72726209858219292848 0.7526188150685695355 0.80326006920792025756 0.81815878629943550315 0.77226273456374705528 0.94368362817427486888 0.96800493793758179972 0.81748561427144383895 0.68277964158131021488 0.83365618845037292584 0.91661528673060366224 0.95103564888546043843 0.99629654437154313573 1.2411061652002586264 1.3730504175390576549 1.4791759054279569607 1.6000000000000000888 1.2340605515880658238 1.100568489083931123 1.1807476314777183291 1.1924235627519654823 1.0239689966902907337 1.0706452607241006003 1.0941283504157706119 1.3447263913468952001 1.3334923774688562936 1.1209966024922612959 1.0078607260022609537 0.87262301089371696605 0.8050717615306670627 0.6910848667967013359 0.70145360086425179169 0.50383722641856820701 0.29561918602716907856 0.47025487950013944438 0.3404235375484574444
0.99743661223623747425 0.92598662811619136814 1.0648098185945289451 0.91972565035639952669 0.82633070652633455744 0.78667836090921505754 0.84472378341637421872 0.77463973284280751574 0.77486288162375593913 0.95988437004781002049 0.97254824827970898227 0.9138641047731943523 0.93251542725445346615 0.88887323670782458773 0.85336602055101140607 0.79813873415919278642 0.89835979678245658775 1.0492881504364395262 1.3576599303542025154 1.5420647089558836562 1.6000000000000000888 1.0249366543182731881 0.89877503491744303865 1.1265397737340621109 1.0614214545568665393 0.9854318912967221511 0.93975486551986975314 0.79616923100025049909 0.83218329922797262821 1.2772627359006525349 1.2828899837454526001 0.93647660046087344288 0.8232520160341478821 0.96008503812806644806 1.0593064502091302792 0.94270304956108608163 0.88222786879981229813 0.47929709369439799094 0.20905293392410728703 0.29627736955428030097
0.91329488889143994879 0.91500031154798622257 0.94966352200628301183 0.99067263583466780297 1.054626844109231687 0.90963605307445527526 0.97714712456678709529 0.90591022435847068373 0.94574537157320659464 0.83999054997325928174 0.86184749766248314184 0.8815893199734810004 1.0060230803737666427 1.1072416242036677847 1.0204176346414253196 0.8206171957249365212 1.0046121680773310025 1.1623705722397279505 1.392743095501730366 1.6000000000000000888 1.6000000000000000888 1.1132506532108688013 0.94777232817238588058 1.0518514309977260446 1.0738501890054992227 0.92820801040421130335 0.75247465483141984244 0.64155970279415841517 0.61425028938030534764 0.90926644659556254968 1.1586840021524804634 1.2470917488947477203 1.2252202813954107263 1.1883854624002934131 1.1505083447162054444 1.0259602321812728576 0.81304134006888784114 0.3410607748477444412 0.28868170298545270391 0.20569802890453980915
0.99342787190227666017 0.8908684501328819616 1.118582338682438504 1.089065109097616002 0.98294562393769580044 1.0137211099512830614 1.0366070825034388037 1.0453145917270740828 0.96589697699800680653 0.92324836345773986235 0.81354882272951989375 0.96215991965110680972 1.1364434110184657989 1.1589622192493105324 1.2130709912113730731 1.186294753619328457 1.0348003084841037591 1.2412161514365873671 1.4036032166847616232 1.6000000000000000888 1.6000000000000000888 1.323854394267576895 1.018365266518485468 0.88780925178499658923 1.0567541643458664424 1.1219699014069284271 0.939248690964855526 0.88783412477364032078 0.61257288882907956484 0.54238559937424035695 0.68815414204206915016 0.95961789825955767785 0.83624913254943378238 0.95660325067692519863 0.87423781037237502378 0.6671470671698094268 0.16640980775753061449 0.63431620502548224927 0.70777687434507263742 0.70479025927085170444
1.3287496746749014598 1.0164614644801042154 1.2308954997303178658 1.2854473841041782478 1.1871471373392328275 1.1197715125994229801 0.9335587354049621478 0.93204411432545686278 1.0443775101273826689 0.91332518531801309969 0.86474610312487210084 1.0276473378567805295 0.94199753205535519118 0.81566565975129612376 0.90895721905375759242 1.1318836914782095526 1.1109992857259576304 1.1669341088643150339 1.3994377976760925542 1.6000000000000000888 1.4795204416752318899 1.2668908502168010344 1.054072988906583408 0.97209750041441833623 0.96500273746517717388 1.008571079013060201 0.97140165611761331022 0.84950485265643538302 0.74193161780721328391 0.61287550870880869169 0.46614097264237552842 0.32755306961280916678 0.23643980023015370717 0.23072590666558651096 0.24724849329305187418 0.18050473231346270131 0.36620181813219476741 0.92328644533845671827 0.92761210668868232521 0.7526320790029630281
1.2601237015296389288 1.3186507362691162193 1.1841938107547305137 1.0479418449856181539 1.0714958893752735136 1.1135224782397208365 1.1599573138100347514 1.1136160511349459945 0.96307767091285756411 0.98053402379303289393 1.0091920462755785692 0.970783481237697643 0.94951499740172251585 0.9095851006837792907 1.1737559880437635762 1.1878298994072933326 1.2911072135237153802 1.2887269562773748799 1.5185953628989432573 1.6000000000000000888 1.4203204366725405983 1.3814376259479259623 0.88348708846016865692 1.0513482589993179417 0.94842634111981050093 0.92203481157444944216 0.91934502146609287099 0.87270022773162869711 0.85259429759710414487 0.79985643873899248124 0.79808841662230833869 0.98056957724316617941 0.93697728630384113924 0.98382477461251671702 0.92405864427737305355 0.85080773050547564562 0.82652720360545650635 0.88518730586621463541 1.020445973423238506 0.8825743213250469843
1.1130874970639654808 1.0493008665580521033 0.99820737332568165723 1.0681525162910796567 1.0041619919196942412 0.95401957853238850138 0.98167926313114706183 1.0417264006883315552 0.81871599718480092545 0.83399650084788834459 0.97400626356137187667 1.0346551669006942564 1.0221446648964023218 1.1158398669633309286 1.1388517547255836426 1.0805952192043801752 1.1587402388339640424 1.2900756102972974482 1.6000000000000000888 1.5419877298810398258 1.3142859697281028541 1.3378479893193429007 1.2578452803891482237 0.92845130679719944933 1.1149302794677073969 0.89922414114993665102 0.81666576147472902392 0.85027800632534977776 0.8991706998036450571 0.8442964243967717719 0.80096461443844679806 0.81744371236759916233 0.83784209974870249571 0.95651251143502624696 0.96161141427551644068 0.97745665443715323839 0.83814275646894265126 0.92951761161799817401 0.96716249124821584982 1.0115530588560850411
1.2180184808984806377 1.229967270073232255 1.1407602890102195303 1.0573036041200887247 1.0467887486813425291 1.0029252927097640491 0.9876103212381622809 0.82770602474894550138 0.79774534282193787504 0.94936783879756181381 1.0185209015353957618 1.0848185447264464543 1.0432778851204067561 1.1036792618899264884 1.0475320956174090092 1.045767762546878421 1.2628477236104358461 1.6000000000000000888 1.6000000000000000888 1.4402860324782247314 1.3144140309107026354 1.1245679764154417057 1.1749592183022312675 0.86833806108531508272 0.91845323925206101556 0.83248192158285161391 0.81554519110182577268 0.81806019436967292169 0.8896215284170166937 0.93699472853181975385 0.80499401954578442275 0.76999997536051267844 0.76812746238306128799 0.74939488136746490454 0.78041790101981511896 0.77577863442140915229 0.82028436673482352237 0.8787541577911814894 0.94579456320288923799 1.0865366389673085656
1.0984336796982181461 1.0630644695957878199 0.98574278666843928587 0.9348434726650544091 0.8753127224706994669 0.84785294044526948731 1.1459561590041702495 0.98482250918619806956 1.0369849370765937824 0.99883020659282262255 1.0008441813392341402 0.98536328614590984465 0.94667959331482032237 0.93085807881091264804 1.0355560528920337848 1.0924125242260034341 1.4515473518171126965 1.6000000000000000888 1.329797015486001488 1.296849685112576589 1.2201388568584508043 1.2961656052159029606 0.9300476896210586597 0.75802349714955019611 0.79354218216806138297 0.89284204156348545567 0.89503817104796112858 0.94240359372479987066 0.86604473573447970924 0.66626632379732975142 0.71628835833159976154 0.85044757837115281252 0.84367486472506025841 0.81965451505316999636 0.83770502077213271352 0.78619952534085768558 0.85612335418119256403 0.88843887418343037155 1.0131041386412831251 1.0653890002628387812
1.0996370737314733468 1.112822660992745627 1.1332412716583224466 0.9425308059079553491 1.0143405386114809907 0.93190844752103130233 1.0024541064834338044 1.0133939851656972309 1.0145558732441806171 0.99495715908500581559 0.96270315508350035039 1.0009585326439660591 1.0260895553166595739 1.0212497462821716887 1.1035975278244349873 1.1953081889846299823 1.6000000000000000888 1.5728669620745574509 1.0618288903539634394 1.0612312362029652224 0.74609459032533520517 1.0389879633313070517 0.90311746937430992244 0.88438768330202033319 0.8808833583522757138 0.84520532681675286657 0.86766931001437719306 0.89860545198182328885 0.89521396978057232729 0.84012844369207873019 0.83675029289077240691 0.87218483394105084106 0.85658703229159682824 0.82785050392103398664 0.77723917016967880578 0.93569554995862180835 0.98678213908828160683 0.97171539994060629475 1.0850105836233248091 1.0799826769952320937
1.0584290296086451555 1.162518845622558139 0.98801660628634713213 0.86583083212007294627 0.97231870691110167115 1.0437669696502975825 0.94522633104442832508 1.0178579649693206832 1.0434270926320645678 1.1536540601051659127 1.1958681074398673783 1.1987328396597836111 1.0742466343659977657 1.1343106026603506642 1.1463229609158274158 1.2885384072027248337 1.6000000000000000888 1.5107622982733164285 1.1226840588106237195 1.1456700663972760879 0.98839007389517363755 0.99101989514870825193 1.0232417222411198665 0.92618683684890446006 0.85854177495667360898 0.83951815349068281691 0.89711022597515144295 0.91219237637836081412 0.85111547966470990634 0.78022781225457205068 0.72107518918909174754 0.71549809298363764576 0.85645301785656058335 0.87375455122618794768 0.95309570694127110357 1.0496460396013822525 0.88712184606907029671 1.0122119681521744017 1.0497255138883905268 1.0068128007713013083
1.1031921659373420397 1.1875647941701397148 1.1529069840620507215 1.0146810941291297681 1.0826661154218717442 1.1159003776823464005 1.0775858492213876705 1.1972758298599399662 1.2268850195474159115 1.1621632807971939982 1.0746870938429904374 1.1515425428115957374 1.2296303715125715961 1.1855120733470980721 1.0978062573700777538 1.2903646524591856348 1.6000000000000000888 1.6000000000000000888 1.3209347950444345621 1.3336371382402421037 1.3193563044824925257 1.1352170967072692243 1.0155091601427936876 0.86780364242489971272 0.81016711846128286467 0.84012206670288269716 0.89367148556082331989 0.97059193523299014394 0.83273837627353786139 0.79469401071729162123 0.81433919278053590318 0.80359350733868084582 1.0101271605374304574 1.0204484215309883588 1.0631134299163338408 1.1298772147166409319 1.1196339614162469367 1.1513402142839423981 1.1057884456100846027 1.1056918281503771428
0.99619440185539764876 1.0889587739727160098 1.1369893715289576264 1.156872777177467615 1.0842300531462267799 1.0521747208636271775 1.2535972942221720317 1.1996175502848718253 1.1130061915888023183 1.1126758520026103216 1.1589914426602268005 1.1829888612618173482 1.2383508930824977945 1.4668048361916041777 1.5181245933287441652 1.4828917860905410642 1.4937036745597489507 1.5807553072291686824 1.355277135379457043 1.089815382097820029 1.2774092220901807071 1.170074854454844937 1.036108772827499358 1.0395292666098474577 1.0378485713871166141 1.0619821345438587024 1.0966758019030193871 1.1178784164791579769 0.93952076542985241137 0.83883171323302352373 0.9186883399473380063 1.1269115625726624508 1.3134456164564070058 1.331982329123537756 1.3914366280789347563 1.5060173274662602694 1.4876426868180356866 1.3977202365249996596 1.2459337023618952678 1.1856965193387034585
1.1285281050808109171 1.2207516404924063647 1.239106351384513971 1.3038408087845572148 1.3197991061643983279 1.1636752543093860091 1.2012299709347276089 1.3449299306397515252 1.260320705165150823 1.3022128795820799851 1.2655382716403327237 1.2445673570841677691 1.2655554458643203386 1.2465952216312505829 1.2757859882813855634 1.1884714168452044092 1.4354475253835352611 1.5731822137147415397 1.5020419662406530037 1.4426550225974770214 1.5257829357815499982 1.5868491456948063956 1.593843826348041226 1.536425757125383873 1.5568573658785003211 1.5713190091310260676 1.558823858933437112 1.3523720702408894567 1.2986937188164555668 1.3938611883588347684 1.5764872523408532956 1.6000000000000000888 1.6000000000000000888 1.6000000000000000888 1.6000000000000000888 1.6000000000000000888 1.5863025164799355871 1.5428479211348824496 1.484560933475317146 1.4962275063796850461
1.1885612947575798781 1.2371296233599169412 1.1817300374496846338 1.1994905398794064588 1.2227927251390631191 1.0956403512698766889 1.2299106274580418052 1.3670863485471858034 1.311464206719831882 1.3211487409155955319 1.4701789097263882056 1.5665622155840210894 1.5080223977074003194 1.150264432807093673 1.1267347223298536107 1.2229694051694930401 1.4198105060476544637 1.6000000000000000888 1.497207955209023833 1.1288519981560036776 1.3997016942568523135 1.4461380939239760757 1.4240499556603118947 1.6000000000000000888 1.6000000000000000888 1.6000000000000000888 1.6000000000000000888 1.6000000000000000888 1.6000000000000000888 1.6000000000000000888 1.5908191522533012829 1.5705803116155061527 1.4858523537973811202 1.2746152994653572321 1.2179350487985889373 1.4965088632288978676 1.5842827803316206214 1.5902004679964105716 1.6000000000000000888 1.5738736796333991919
1.2424499108348781018 1.1836326217122683513 1.1606221052915146608 1.1705007468578925156 1.145300679543689748 1.1617046643020336738 1.3084918283020514629 1.3548537780286209475 1.4667565066785024364 1.5101946899564828719 1.4687425494579375851 1.4104991146196232954 1.0647262235437204847 1.0202601315528161408 1.1845806931654681016 1.2138643745130124341 1.3865714057247853219 1.6000000000000000888 1.4857578317593862494 0.89726681684886056001 1.32108512075197293 1.455336836435746406 1.3549668498725429 1.2014676949538336537 1.1713353053022725891 1.3844986759413986377 1.5473792884668049474 1.4612460094693338064 1.3540965719087785235 1.3405396147390962192 1.1918069354659523995 1.2168363251789524604 1.1497511610880803978 1.1166438302382628578 1.0315574853687716761 1.1557894553136411897 1.3126482885588368621 1.2647429924518958089 1.4999791949340384178 1.4528699298068699086
1.2297368430264778993 1.1912273531690167339 1.2035596351965587303 1.2710391419828606097 1.3101410207985737522 1.3661125819729411646 1.4556557171875055268 1.5317985603430974706 1.5161997838334022592 1.4749072780974259445 1.2914532869474850685 1.1602461013494282938 0.88747200663871483872 0.9316668814777943064 1.1969673831014280285 1.18066023918444718 1.4621636645336379967 1.6000000000000000888 1.5315384135180893921 0.86946851691411619623 1.2666186910131602694 1.1606323588399929392 1.2132011129557529472 1.033535452507118535 1.1144418190294214099 1.0455582163435812593 1.1901426613206909089 1.3177414402180718245 1.219770050883171697 1.2001234048978117741 1.1059993982577194238 1.0277206407357897255 1.045642213700281431 1.0243268613852805071 0.95931375082047021241 0.84107427853741245638 0.92586757505811678737 0.98725893489168004002 1.1900483437644657769 1.3335619470971087352
1.2464277955932074882 1.2093314086375221983 1.2212973814218281987 1.4249921837399908142 1.4778136325237474225 1.5343376031682847138 1.5703611312671310607 1.4869413203033536863 1.3680489634446084679 1.2550977150136635174 0.98585173739725706632 0.94437529872232894856 0.56936207744530142882 0.83095401449001482508 1.0013470005638396287 1.0914999750963128022 1.4610068452021178764 1.5967987028856733822 1.5405500848693951532 0.89430540998374341566 1.2260059019642279843 1.1355533988053498895 1.0484861128220448467 1.0411307755361125515 1.0549226829313034237 1.1881505805848389112 0.82394817728315405958 0.91404817392664405862 1.081333268661746283 1.1323929070420790666 1.2291853895019606568 1.0693222255983587665 1.0056008094438877443 1.0052645965842317288 0.97507483387502791317 0.84005084900107518386 0.80973163644602530464 0.92424067372889573413 0.96321147768316672799 1.0139191403228613453
