rofental/data/rofental/dem_rofental_50.asc
ncols         644
nrows         451
xllcorner     622802,488
yllcorner     5177999,379
cellsize      50
NODATA_value  -9999
[rows 252 to 279 of 451, columns 252 to 314 of 644]
3308,485 3309,396 3311,854 3315,074 3318,362 3321,515 3324,518 3327,271 3327,202 3328 3321,569 3322,358 3292,232 3271,904 3255,726 3244,31 3238,207 3235,685 3232,457 3226,393 3214,83 3210,385 3207,319 3213,997 3232,958 3249,028 3227,398 3226,005 3241,492 3214,592 3188,327 3175,186 3167,844 3165,306 3130,103 3100,58 3087,896 3072,066 3046,713 3026,569 2999,822 2972,744 2952,798 2938,175 2930,808 2923,886 2915,279 2910,242 2904,645 2892,811 2869,474 2844,511 2817,818 2795,513 2763,639 2729,959 2711,296 2700,157 2676,77 2671,548 2646,47 2632,674 2632,446
3311,531 3312,964 3315,773 3319,567 3323,728 3327,628 3332,168 3345,029 3348,866 3319,089 3305,226 3300,639 3279,604 3258,401 3239,866 3226,841 3220,852 3217,1 3212,331 3205,721 3197,598 3189,595 3180,584 3186,555 3197,31 3215,746 3223,191 3205,476 3204,969 3182,365 3160,735 3149,129 3136,981 3137,396 3116,574 3097,508 3092,666 3084,522 3068,56 3037,955 3016,685 2988,019 2970,478 2949,598 2949,51 2942,456 2939,629 2929,578 2902,206 2887,809 2862,571 2843,062 2827,15 2792,118 2767,124 2736,068 2709,721 2689,526 2672,53 2668,443 2649,673 2636,534 2625,055
3313,642 3315,99 3319,955 3324,566 3330,259 3339,062 3362,318 3335,622 3348,937 3302,572 3284,847 3275,335 3260,538 3244,531 3226,707 3215,472 3209,576 3205,32 3201,47 3196,47 3194,958 3185,199 3168,015 3157,36 3167,19 3183,882 3167,803 3156,338 3160,92 3173,854 3160,314 3145,354 3133,966 3119,28 3093,395 3072,577 3061,402 3061,693 3063,366 3067,151 3050,171 3031,423 3008,771 2991,226 2985,776 2977,201 2957,719 2919,569 2886,265 2859,034 2849,254 2828,422 2802,345 2757,929 2736,015 2735,686 2705,517 2682,761 2659,49 2651,944 2638,232 2635,516 2623,231
3318,717 3321,636 3328,016 3339,245 3348,766 3368,803 3340,869 3363,62 3327,303 3293,706 3265,01 3250,925 3241,665 3227,14 3214,289 3205,617 3200,333 3196,316 3192,152 3195,725 3183,728 3175,744 3158,013 3131,134 3126,086 3122,84 3108,38 3099,47 3105,199 3126,988 3130,278 3114,771 3097,513 3079,765 3060,072 3051,878 3043,866 3047,984 3046,832 3049,723 3045,756 3041,697 3020,891 2997,32 2980,3 2974,598 2952,047 2916,096 2872,255 2842,189 2825,767 2807,114 2786,359 2746,586 2715,909 2705,113 2699,808 2665,578 2634,263 2619,243 2605,162 2599,924 2602,28
3323,996 3332,039 3344,128 3361,094 3380,372 3347,867 3370,003 3341,125 3306,339 3263,892 3247,253 3238,23 3232,196 3221,919 3210,379 3201,014 3194,359 3189,412 3183,934 3176,689 3167,514 3167,647 3161,085 3141,696 3125,996 3115,43 3090,152 3064,955 3058,564 3078,374 3080,903 3077,439 3061,693 3054,795 3041,753 3032,045 3022,603 3008,591 3010,084 3022,095 3018,962 3012,084 3004,357 2989,672 2962,644 2955,767 2946,822 2916,548 2877,505 2849,324 2813,953 2783,354 2764,648 2743,672 2717,118 2689,314 2678,927 2667,223 2634,917 2619,265 2598,137 2593,169 2585,451
3337,94 3352,684 3369,75 3387,674 3356,254 3385,318 3336,282 3321,999 3286,855 3252,325 3242,679 3237,08 3232,07 3222,525 3210,638 3199,88 3191,696 3185,429 3178,917 3169,804 3158,364 3146,057 3137,489 3126,844 3109,461 3103,208 3055,944 3043,619 3034,384 3059,374 3052,459 3044,189 3030,619 3016,715 3007,566 3006,099 2999,979 2987,579 2978,702 2979,983 2985,366 2975,254 2964,38 2948,986 2934,895 2933,092 2928,129 2904,698 2878,986 2842,516 2819,472 2795,78 2767,292 2730,787 2711,461 2683,862 2668,155 2667,768 2635,262 2611,09 2587,516 2583,545 2573,066
3364,307 3384,11 3397,08 3364,803 3399,24 3339,017 3311,434 3290,312 3266,794 3247,201 3236,549 3231,28 3226,005 3217,389 3207,062 3197,359 3189,324 3182,117 3174,252 3165,046 3152,954 3140,644 3118,89 3106,9 3088,846 3072,887 3031,73 3023,174 3018,681 3036,239 3034,613 3029,224 3007,142 2991,828 2968,85 2954,934 2951,49 2944,821 2940,692 2952,507 2959,021 2956,863 2937,23 2921,326 2915,845 2903,355 2888,353 2869,045 2834,865 2816,133 2800,822 2786,131 2758,234 2732,333 2707,304 2684,457 2659,631 2649,085 2625,746 2599,628 2577,435 2570,8 2566,043
3398,701 3405,365 3408,542 3383,177 3343,692 3314,394 3291,45 3273,08 3255,671 3238,381 3226,209 3219,475 3214,646 3208,275 3199,855 3191,427 3183,455 3174,585 3165,883 3157,798 3146,439 3132,654 3108,57 3086,926 3060,505 3038,076 3014,188 3009,356 3002,02 3018,623 3017,118 3009,629 2988,409 2970,478 2955,461 2938,915 2927,469 2911,492 2905,636 2905,085 2892,105 2877,752 2871,18 2871,403 2859,657 2860,643 2841,291 2813,563 2791,014 2779,671 2765,01 2748,515 2733,924 2716,139 2702,19 2684,17 2650,376 2627,743 2604,139 2579,844 2556,126 2544,532 2543,088
3415,808 3416,731 3369,455 3338,834 3318,344 3294,906 3275,019 3255,49 3242,246 3217,359 3215,489 3207,641 3201,279 3195,187 3188,191 3180,001 3169,877 3160,063 3151,817 3144,979 3132,841 3117,342 3099,941 3079,448 3057,021 3022,503 2996,366 2986,823 2988,011 2997,222 2997,275 2981,71 2963,542 2950,33 2927,872 2914,794 2904,189 2892,975 2882,478 2869,005 2856,722 2842,703 2833,282 2831,741 2816,54 2812,231 2798,901 2785,011 2766,645 2755,376 2742,936 2720,922 2699,869 2683,425 2673,429 2650,009 2614,057 2594,427 2588,819 2558,32 2535,133 2517,574 2512,395
3425,352 3378,738 3346,639 3317,696 3292,25 3267,929 3246,504 3229,885 3214,17 3192,781 3179,611 3171,833 3175,325 3178,458 3179,643 3162,285 3148,131 3135,191 3128,896 3126,743 3117,807 3103,553 3087,845 3066,704 3029,92 2992,334 2962,035 2958,018 2975,013 2972,219 2961,904 2948,956 2928,39 2904,407 2897,206 2889,092 2879,294 2874,938 2860,519 2846,729 2828,75 2810,996 2798,621 2785,391 2776,523 2768,01 2758,983 2746,462 2734,365 2721,219 2704,95 2685,25 2659,318 2640,766 2629,74 2611,367 2582,946 2571,675 2553,449 2543,422 2515,971 2493,726 2482,693
3419,376 3365,099 3331,564 3301,144 3273,86 3250,572 3229,538 3212,57 3197,686 3176,802 3159,193 3143,41 3143,631 3136,34 3133,271 3132,942 3120,535 3099,05 3097,123 3108,436 3084,822 3077,166 3059,377 3032,769 2992,084 2979,006 2957,971 2953,687 2956,702 2959,004 2953,058 2930,7 2907,722 2883,72 2868,315 2855,396 2842,047 2831,487 2825,611 2808,867 2797,324 2791,123 2777,583 2762,982 2752,728 2744,878 2729,26 2711,602 2696,356 2685,558 2666,296 2645,823 2625,235 2606,052 2591,294 2573,558 2549,402 2533,948 2521,01 2509,957 2506,658 2476,408 2458,821
3408,585 3379,518 3333,302 3296,096 3264,313 3236,03 3213,399 3195,468 3179,985 3161,734 3147,177 3133,554 3127,544 3119,078 3112,73 3101,24 3102,011 3079,841 3062,893 3061,161 3034,264 3032,313 3005,643 2982,587 2967,734 2959,98 2955,469 2933,623 2937,256 2936,518 2922,737 2902,841 2877,857 2861,133 2851,061 2836,268 2819,44 2812,938 2807,844 2799,399 2790,101 2777,384 2761,811 2752,52 2735,552 2719,36 2701,143 2682,399 2655,192 2642,896 2625,732 2608,172 2590,612 2574,426 2556,45 2539,735 2516,559 2499,869 2486,566 2477,705 2472,201 2465,034 2445,415
3387,849 3371,31 3345,037 3309,513 3265,23 3225,044 3198,524 3181,841 3166,681 3151,028 3140,384 3114,699 3097,432 3068,043 3060,58 3066,96 3053,643 3061,513 3059,032 3011,301 2991,999 2979,78 2971,511 2956,97 2945,578 2934,645 2930,725 2916,82 2907,397 2903,292 2891,613 2879,919 2862,799 2850,898 2841,293 2817,723 2795,015 2793,688 2790,235 2782,938 2776,286 2765,373 2748,855 2730,792 2705,014 2685,667 2664,503 2645,293 2624,236 2606,97 2593,704 2574,842 2557,651 2544,865 2528,022 2504,453 2481,597 2465,439 2454,47 2449,424 2435,566 2432,676 2433,577
3335,037 3337,191 3322,718 3296,354 3255,594 3220,93 3191,346 3166,422 3149,654 3119,577 3080,302 3075,121 3048,559 3036,872 3029,25 3018,619 3017,097 3010,193 2999,042 2987,714 2980,85 2959,461 2945,195 2935,369 2922,01 2912,097 2904,18 2896,139 2876,285 2873,188 2862,457 2845,667 2832,659 2824,887 2798,805 2781,203 2782,257 2780,522 2773,132 2763,01 2750,641 2736,192 2719,706 2699,875 2672,272 2650,835 2631,057 2608,742 2589,783 2574,382 2562,366 2540,295 2521,389 2508,509 2489,447 2468,448 2446,4 2435,848 2428,867 2424,971 2415,258 2404,825 2398,312
3303,677 3289,749 3285,673 3262,152 3246,227 3222,333 3187,54 3153,052 3139,808 3119,64 3082,87 3040,166 3024,433 3015,871 3006,4 2994,91 2989,835 2982,403 2970,726 2961,075 2952,663 2941,565 2926,68 2914,636 2902,235 2891,821 2884,484 2875,928 2861,599 2847,094 2831,783 2822,438 2805,926 2792,941 2775,428 2765,711 2759,999 2754,63 2746,328 2736,469 2722,73 2707,559 2691,366 2673,013 2647,023 2625,899 2606,024 2584,647 2560,326 2539,824 2517,087 2501,901 2481,874 2464,369 2449,332 2436,551 2421,008 2414,656 2411,38 2409,958 2403,561 2395,388 2387,887
3275,1 3239,239 3227,451 3217,517 3190,67 3172,512 3135,864 3096,328 3086,011 3062,525 3037,833 3011,773 3002,923 2992,371 2983,069 2972,921 2961,704 2955,435 2944,375 2936,429 2927,171 2919,727 2907,5 2896,274 2883,438 2874,094 2864,832 2860,865 2846,231 2832,129 2807,234 2795,408 2778,551 2764,704 2752,985 2746,415 2742,507 2724,015 2718,535 2707,391 2693,417 2677,648 2658,752 2638,94 2611,938 2590,513 2567,753 2545,252 2525,511 2507,557 2487,345 2471,007 2454,209 2439,393 2426,931 2416,057 2402,981 2398,69 2396,801 2395,972 2393,747 2386,986 2383,532
3220,373 3194,939 3183,941 3179,173 3152,835 3124,699 3093,615 3064,839 3049,325 3027,369 3002,669 2978,53 2973,154 2958,996 2952,835 2954,465 2944,899 2936,085 2922,95 2917,922 2903,653 2895,751 2890,021 2884,317 2877,992 2873,636 2860,49 2838,64 2816,679 2799,298 2788,815 2778,609 2767,015 2756,537 2746,55 2736,675 2722,865 2706,25 2672,818 2673,63 2656,718 2639,06 2624,13 2599,888 2567,266 2545,606 2527,552 2506,799 2487,702 2468,657 2455,148 2439,916 2425,195 2408,502 2400,643 2395,591 2388,713 2387,389 2385,164 2382,404 2380,178 2374,169 2370,728
3157,361 3155,282 3135,568 3106,135 3110,473 3085,292 3054,147 3034,32 3020,088 2997,782 2984,937 2971,109 2956,858 2947,734 2944,595 2937,554 2930,474 2924,773 2914,469 2899,434 2885,382 2883,691 2879,438 2873,802 2866,873 2854,48 2843,937 2821,054 2798,419 2784,472 2776,453 2769,79 2753,596 2745,619 2734,742 2717,728 2683,383 2674,802 2656,328 2637,489 2621,525 2599,897 2578,614 2557,138 2529,087 2508,894 2494,375 2475,722 2451,315 2436,13 2424,338 2417,385 2402,896 2395,949 2389,47 2389,147 2381,732 2381,353 2377,514 2378,654 2371,338 2368,912 2366,368
3104,581 3089,746 3087,514 3071,47 3055,159 3040,343 3027,95 3017,35 3001,275 2989,991 2984,057 2970,85 2961,402 2953,646 2942,08 2931,211 2917,917 2909,619 2898,145 2889,26 2880,78 2875,715 2866,154 2860,007 2851,283 2838,233 2824,123 2806,924 2788,456 2775,568 2754,99 2756,224 2741,157 2703,376 2692,121 2687,737 2670,37 2632,315 2621,423 2600,086 2585,83 2566,167 2544,972 2521,18 2495,115 2476,9 2460,765 2448,146 2431,126 2414,235 2405,899 2395,508 2389,017 2386,73 2384,428 2382,641 2383,964 2380,334 2379,234 2378,481 2378,108 2378,125 2374,205
3096,948 3082,555 3070,286 3058,438 3041,738 3028,513 3019,229 3013,588 2994,521 2985,98 2979,849 2973,947 2965,086 2956,552 2946,175 2926,043 2913,899 2900,708 2891,691 2876,682 2862,751 2850,348 2843,281 2836,057 2829,297 2817,495 2801,987 2781,35 2766,748 2743,616 2724,146 2737,76 2720,449 2685,675 2682,345 2647,712 2638,461 2615,46 2589,543 2569,772 2550,502 2526,282 2508,708 2490,291 2467,668 2453,396 2445,044 2431,01 2414,508 2402,553 2396,916 2390,776 2392,429 2389,192 2386,771 2385,163 2385,655 2387,825 2391,928 2394,593 2393,43 2392,668 2390,109
3091,385 3081,393 3070,202 3056,469 3037,672 3021,783 3014,275 3002,223 2996,524 2989,135 2974,982 2967,78 2959,96 2954,309 2942,495 2924,871 2909,764 2896,998 2888,808 2879,406 2857,33 2844,95 2834,982 2826,879 2815,664 2798,986 2793,922 2780,13 2753,661 2721,113 2698,519 2706,795 2686,398 2669,056 2627,97 2623,618 2598,773 2580,514 2559,497 2538,543 2517,988 2494,146 2479,37 2462,93 2451,272 2445,084 2441,96 2432,482 2410,113 2395,018 2396,117 2391,479 2394,736 2391,407 2390,469 2393,45 2405,451 2411,195 2414,202 2420,719 2422,915 2421,5 2418,201
3083,681 3073,362 3062,593 3043,603 3022,658 3014,164 3010,41 2997,523 2993,571 2980,02 2971,177 2966,636 2957,45 2949,329 2938,42 2928,947 2920,728 2908,179 2895,569 2872,65 2860,447 2850,672 2842,734 2829,144 2808,632 2780,933 2755,97 2756,231 2737,371 2711,535 2680,938 2671,564 2650,406 2631,015 2608,261 2590,796 2570,437 2548,865 2526,735 2508,005 2490,078 2471,9 2463,168 2454,017 2447,845 2438,663 2423,855 2403,619 2402,367 2399,035 2396,74 2397,896 2398,589 2402,152 2412,566 2423,644 2442,699 2447,901 2449,751 2456,42 2455,811 2452,963 2448,762
3073,385 3062,871 3044,506 3024,003 3013,866 3003,824 2993,473 2988,126 2977,207 2964,872 2964,531 2963,287 2961,43 2957,828 2946,579 2933,377 2918,802 2896,869 2881,157 2867,787 2852,746 2843,101 2830,335 2813,815 2794,81 2766,411 2739,878 2714,713 2705,464 2688,202 2663,215 2639,839 2618,629 2599,962 2578,337 2554,766 2537,756 2521,313 2505,959 2487,971 2470,814 2459,546 2452,858 2443,042 2428,408 2414,47 2406,541 2400,335 2398,879 2398,027 2401,393 2409,604 2418,076 2435,624 2454,479 2462,543 2479,793 2480,979 2486,71 2489,816 2484,861 2487,698 2483,434
3058,794 3046,618 3032,647 3011,174 2990,873 2988,998 2986,501 2970,766 2963,353 2957,929 2952,529 2950,997 2948,518 2946,318 2951,29 2930,863 2904,62 2876,375 2865,406 2858,485 2848,181 2833,614 2817,15 2796,551 2772,794 2747,251 2718,201 2696,653 2671,674 2660,263 2638,883 2618,37 2592,013 2569,635 2548,407 2528,083 2515,253 2503,222 2489,095 2469,511 2456,806 2445,353 2434,028 2420,822 2409,477 2405,978 2401,086 2400,939 2401,326 2409,813 2422,232 2435,155 2461,448 2479,774 2490,486 2500,872 2512,029 2516,642 2519,029 2520,417 2517,211 2525,561 2518,069
3049,716 3038,338 3024,946 2990,168 2977,492 2973,101 2967,572 2962,816 2959,229 2946,344 2941,853 2933,887 2944,917 2941,269 2944,193 2927,441 2892,766 2874,141 2867,203 2856,794 2836,958 2819,2 2798,469 2771,371 2748,288 2725,51 2703,134 2679 2657,088 2633,985 2614,585 2592,076 2563,416 2540,281 2522,039 2508,142 2495,344 2481,312 2468,062 2455,677 2442,104 2431,701 2421,467 2414,527 2405,704 2403,583 2407,842 2412,381 2424,855 2433,954 2452,709 2486,208 2500,957 2511,315 2522,845 2530,589 2542,898 2549,899 2555,296 2560,775 2550,62 2560,405 2555,462
3048,06 3023,324 2995,267 2981,133 2976,356 2970,271 2962,282 2958,623 2950,077 2936,859 2929,499 2919,788 2918,926 2931,214 2931,33 2908,668 2876,569 2863,552 2852,369 2836,382 2808,695 2785,034 2760,549 2742,045 2722,347 2700,144 2682,11 2661,089 2639,276 2619,851 2597,317 2572,426 2542,73 2521,25 2504,255 2489,345 2476,815 2470,564 2455,726 2450,361 2435,657 2424,32 2413,027 2407,657 2413,092 2419,572 2426,984 2435,552 2453,985 2463,507 2498,509 2519,181 2534,144 2541,728 2553,771 2562,599 2576,19 2582,083 2588,621 2586,956 2587,64 2586,28 2594,99
3053,14 3023,247 3001,208 2985,949 2973,418 2967,445 2958,71 2947,01 2938,611 2926,923 2911,172 2891,892 2895,326 2897,471 2903,735 2884,729 2859,74 2840,855 2828,829 2806,883 2776,948 2757,45 2737,293 2721,615 2701,561 2681,289 2660,16 2641,148 2619,435 2599,604 2580,213 2555,82 2526,805 2506,13 2483,06 2468,671 2457,246 2443,985 2438,935 2427,484 2416,179 2413,622 2413,603 2417,063 2430,094 2440,127 2450,906 2472,443 2488,628 2521,475 2537,3 2554,136 2567,726 2576,731 2585,399 2595,256 2604,943 2608,364 2612,593 2614,502 2613,98 2618,553 2628,367
3049,199 3048,813 3024,47 3004,968 2980,48 2961,226 2951,918 2936,941 2919,209 2909,138 2902,354 2890,589 2874,751 2866,667 2865,904 2853,742 2838,406 2818,248 2796,614 2776,467 2757,604 2731,94 2714,052 2694,398 2676,185 2655,507 2638,217 2617,977 2603 2582,052 2559,596 2537,167 2510,121 2490,166 2468,46 2449,986 2437,679 2428,158 2418,114 2424,649 2426,25 2422,433 2430,577 2441,854 2456,206 2470,464 2488,228 2510,327 2541,045 2560,81 2576,49 2587,616 2598,566 2608,218 2613,046 2617,694 2625,344 2632,463 2634,881 2639,254 2643,903 2654,618 2659,062
