rofental/data/rofental/dem_rofental_100.asc
ncols         322
nrows         225
xllcorner     622802,488
yllcorner     5178049,379
cellsize      100
NODATA_value  -9999
[rows 28 to 55 of 225, columns 0 to 62 of 322]
1844,793 1867,68 1898,993 1927,717 1961,15 2003,891 2016,359 2013,83 2055,231 2105,931 2169,196 2230,924 2286,044 2332,058 2369,958 2407,444 2451,046 2495,119 2538,908 2546,574 2532,257 2503,373 2497,795 2485,344 2477,599 2478,886 2495,333 2511,427 2525,195 2562,253 2605,47 2625,345 2644,979 2663,523 2698,346 2744,889 2798,802 2879,889 2957,966 3045,706 2984,979 2902,707 2844,864 2822,82 2811,259 2819,223 2813,255 2793,998 2801,715 2809,87 2800,718 2794,035 2782,419 2753,699 2713,916 2685,493 2672,445 2650,572 2628,074 2590,657 2546,02 2502,646 2444,663
1811,026 1843,347 1861,801 1897,427 1929,532 1955,783 1957,905 1993,294 2056,066 2115,052 2156,108 2202,62 2252,528 2279,886 2309,731 2355,077 2410,9 2474,031 2500,8 2484,445 2470,781 2451,834 2429,439 2422,064 2419,813 2429,939 2459,608 2484,805 2518,623 2566,752 2593,355 2634,687 2662,488 2688,215 2731,693 2793,078 2854,995 2929,427 3018,518 3037,094 2991,124 2905,881 2841,341 2810,239 2801,289 2800,764 2786,799 2758,154 2770,439 2770,368 2757,198 2754,11 2738,248 2713,101 2674,538 2659,062 2651,533 2618,336 2575,678 2533,688 2486,624 2441,855 2400,153
1785,083 1812,921 1831,697 1870,501 1884,603 1905,98 1935,361 1983,499 2043,429 2060,542 2104,73 2151,438 2193,777 2217,145 2274,298 2341,958 2400,031 2437,375 2442,087 2422,78 2405,737 2384,991 2374,121 2372,13 2374,962 2386,458 2414,544 2465,552 2526,959 2554,493 2630,585 2673,23 2697,668 2736,115 2765,895 2790,356 2860,905 2935,002 3002,062 2974,629 2926,665 2886 2809,188 2768,203 2781,467 2786,957 2761,396 2730,359 2735,37 2729,243 2729,131 2718,385 2704,322 2682,296 2636,762 2620,009 2616,251 2594,22 2544,466 2495,567 2441,458 2397,598 2364,072
1740,87 1771,313 1807,767 1834,052 1855,446 1887,059 1907,965 1957,947 1983,507 2006,785 2058,896 2114,823 2129,883 2178,87 2250,649 2319,088 2357,824 2383,66 2381,708 2353,548 2338,271 2327,79 2330,227 2334,24 2351,943 2366,3 2388,477 2434,752 2478,171 2510,393 2578,782 2595,927 2627,514 2655,59 2701,322 2749,543 2820,76 2888,6 2958,754 2927,76 2877,69 2850,534 2800,019 2754,307 2755,041 2771,04 2753,829 2733,663 2720,419 2715,838 2695,341 2692,935 2673,032 2641,763 2601,59 2586,315 2574,591 2557,783 2509,575 2461,994 2411,909 2378,558 2373,999
1737,26 1745,741 1780,311 1805,9 1829,208 1849,71 1888,073 1913,145 1931,336 1986,298 2038,83 2065,315 2080,666 2138,456 2203,596 2269,442 2302,664 2318,39 2305,747 2290,342 2282,038 2288,596 2302,63 2317,712 2338,284 2353,367 2381,664 2417,031 2442,454 2476,997 2521,152 2560,2 2599,858 2641,807 2684,807 2734,783 2806,27 2862,272 2915,268 2908,322 2857,52 2827,623 2805,324 2763,522 2745,747 2752,626 2737,719 2730,984 2716,419 2703,406 2686,971 2679,036 2666,996 2613,915 2569,93 2548,325 2532,913 2507,265 2464,581 2418,569 2389,937 2395,679 2402,373
1757,513 1752,287 1758,4 1783,531 1800,636 1817,414 1847,36 1868,316 1913,811 1965,995 1989,102 2006,029 2060,349 2114,104 2174,798 2214,775 2232,154 2242,236 2241,961 2238,87 2250,173 2277,115 2305,677 2333,37 2359,707 2384,982 2417,962 2451,704 2475,021 2492,405 2511,731 2557,498 2604,548 2654,124 2704,503 2755,576 2815,635 2883,751 2927,174 2914,556 2853,979 2813,206 2785,347 2764,405 2753,45 2737,994 2724,823 2723,187 2714,377 2702,852 2688,386 2675,865 2665,077 2636,669 2583,107 2536,938 2513,382 2477,128 2433,604 2406,8 2410,958 2430,58 2442,568
1778,407 1767,422 1756,601 1770,467 1782,825 1799,573 1823,115 1842,826 1875,964 1915,8 1939,291 1994,22 2047,495 2082,018 2119,401 2139,044 2156,992 2165,392 2185,359 2218,333 2250,726 2283,944 2324,513 2369,71 2403,596 2439,259 2484,718 2533,252 2520,35 2523,623 2537,651 2592,426 2654,087 2701,383 2737,534 2793,323 2851,326 2918,562 2977,578 2928,29 2859,202 2806,087 2765,312 2757,282 2749,28 2736,531 2724,519 2726,414 2719,608 2693,896 2677,101 2671,146 2658,979 2638,069 2587,738 2536 2489,94 2457,378 2444,546 2431,023 2428,355 2458,018 2486,817
1798,598 1785,44 1770,488 1763,496 1772,945 1789,013 1806,965 1821,803 1848,612 1877,81 1913,992 1966,909 2000,898 2035,062 2041,315 2061,493 2094,511 2129,678 2188,385 2233,569 2269,997 2319,718 2368,486 2417,031 2457,51 2501,05 2548,427 2602,999 2566,265 2549,152 2567,614 2627,741 2690,985 2715,831 2759,317 2834,929 2903,613 2979,116 2995,685 2920,678 2880,849 2823,872 2774,815 2760,786 2745,497 2713,51 2705,457 2707,632 2698,804 2670,357 2643,654 2633,119 2621,157 2597,406 2555,803 2509,476 2475,881 2464,876 2453,847 2442,096 2459,588 2477,849 2522,567
1824,281 1809,145 1799,594 1790,369 1773,415 1782,686 1793,123 1807,715 1828,578 1848,482 1879,93 1915,804 1960,253 1965,393 1992,017 2055,038 2109,161 2155,849 2202,646 2251,833 2308,628 2366,864 2431,409 2500,861 2533,795 2562,234 2610,451 2657,375 2604,92 2585,336 2592,767 2653,101 2720,641 2736,045 2772,853 2877,673 2963,094 3020,055 2985,607 2937,379 2900,207 2869,682 2824,273 2772,119 2733,855 2700,683 2682,31 2680,179 2671,491 2648,643 2618,509 2589,705 2566,331 2541,648 2511,524 2495,324 2493,143 2480,298 2464,26 2480,719 2510,69 2526,331 2569,967
1857,105 1849,375 1831,308 1822,712 1800,624 1781,973 1785,622 1794,777 1808,861 1820,071 1835,399 1878,415 1902,07 1940,521 1998,857 2052,254 2108,48 2166,747 2225,171 2287,993 2349,979 2423,884 2489,091 2549,051 2608,536 2619,631 2672,694 2711,871 2658,447 2634,2 2626,909 2669,465 2745,365 2771,978 2794,86 2864,003 2950,178 3059,128 3032,535 2953,811 2895,231 2857,53 2807,284 2779,208 2741,484 2697,471 2660,703 2648,428 2643,989 2632,701 2603,062 2572,311 2547,014 2531,631 2529,286 2513,569 2510,698 2505,083 2502,508 2536,078 2578,301 2588,73 2644,557
1899,586 1897,391 1875,601 1856,704 1832,794 1806,191 1801,439 1800,689 1801,294 1807,86 1823,69 1848,374 1884,586 1922,66 1979,437 2069,844 2148,367 2203,743 2255,815 2332,776 2397,986 2450,363 2519,739 2596,399 2658,215 2693,785 2720,894 2727,198 2681,105 2665,135 2669,232 2707,815 2788,185 2789,978 2801,026 2880,418 2982,173 3064,125 3026,598 2943,729 2860,795 2817,26 2791,969 2780,346 2756,173 2697,233 2647,913 2633,219 2644,609 2639,86 2615,153 2577,308 2547,72 2546,977 2548,661 2544,919 2541,17 2546,484 2551,671 2577,683 2625,558 2643,471 2705,019
1952,731 1942,915 1917,705 1903,192 1886,531 1856,876 1832,53 1822,693 1807,174 1808,166 1815,393 1826,877 1848,193 1881,839 1940,792 2034,564 2145,063 2249,333 2316,168 2384,059 2450,291 2514,807 2566,511 2628,343 2687,608 2751,621 2795,217 2746,954 2701,72 2706,454 2713,919 2759,909 2823,178 2806,655 2818,144 2885,571 2985,157 3071,703 2987,397 2932,247 2864,528 2822,524 2798,064 2793,453 2767,315 2732,478 2678,514 2650,767 2652,206 2645,595 2626,859 2590,093 2559,529 2559,864 2573,113 2583,445 2579,21 2607,776 2604,807 2618,963 2656,146 2672,789 2704,591
2003,543 1981,208 1967,957 1952,145 1953,873 1913,027 1877,423 1851,035 1824,077 1819,478 1817,177 1819,572 1824,797 1851,969 1908,946 1991,514 2103,433 2230,552 2301,063 2354,56 2430,293 2501,535 2570,507 2650,4 2701,947 2756,428 2828,192 2785,848 2737,062 2748,468 2767,747 2817,128 2840,216 2817,72 2836,018 2911,328 2994,314 3078,429 3010,772 2933,886 2883,688 2855,23 2828,698 2817,135 2782,261 2749,335 2709,838 2676,251 2660,554 2659,764 2632,957 2612,169 2592,595 2594,466 2610,623 2626,692 2626,104 2636,54 2637,135 2680,224 2727,835 2715,631 2722,201
2054,956 2022,776 2019,859 2004,89 2012,083 1966,564 1933,108 1915,893 1872,49 1855,484 1828,536 1827,715 1831,581 1842,938 1884,781 1952,625 2064,358 2168,512 2246,118 2323,962 2395,763 2458,687 2542,099 2598,322 2672,935 2753,884 2818,186 2854,545 2815,51 2807,932 2805,583 2849,369 2863,087 2855,497 2883,05 2958,927 3038,447 3031,712 3018,897 2992,143 2954,555 2915,59 2898,466 2881,452 2852,552 2793,351 2735,362 2713,052 2697,517 2689,605 2670,834 2641,649 2643,058 2641,042 2661,583 2663,858 2658,262 2663,915 2684,673 2741,58 2809,861 2789,221 2769,811
2104,365 2083,129 2086,502 2074,328 2051,983 2008,58 1994,854 1994,831 1941,54 1894,004 1850,512 1836,19 1840,816 1853,276 1877,462 1928,104 2022,266 2141,816 2233,413 2297,345 2365,119 2436,894 2479,74 2560,328 2644,625 2723,641 2812,551 2909,623 2890,142 2872,314 2869,155 2894,928 2891,479 2935,355 2975,952 2990,498 2985,933 2953,422 2926,253 2926,812 2944,049 2967,201 2972,663 2946,066 2866,577 2795,205 2742,65 2712,384 2710,461 2711,218 2717,162 2705,42 2701,063 2700,731 2718,114 2702,951 2692,621 2693,451 2733,594 2793,579 2869,346 2868,158 2853,157
2171,637 2148,882 2157,753 2133,232 2089,871 2051,345 2053,344 2063,916 2013,238 1966,555 1900,462 1850,131 1850,504 1865,793 1886,071 1910,451 1977,65 2123,265 2246,021 2295,992 2323,262 2356,332 2435,047 2566,625 2669,664 2757,877 2834,73 2925,921 2973,199 2944,686 2952,517 2952,653 2902,686 2944,386 2935,537 2891,445 2895,9 2867,953 2849,417 2844,62 2866,363 2897,753 2937,62 2957,31 2901,339 2821,178 2764,037 2747,719 2731,585 2728,648 2754,299 2766,989 2770,907 2769,535 2749,764 2726,69 2715,567 2726,694 2779,22 2845,4 2911,99 2954,085 2943,678
2245,423 2226,319 2215,143 2177,628 2125,228 2110,072 2119,786 2123,602 2075,307 2042,046 1980,877 1895,761 1863,482 1877,912 1904,158 1934,511 1979,545 2098,407 2159,618 2196,701 2278,292 2364,047 2468,749 2577,656 2675,629 2755,672 2829,761 2909,513 2985,191 2990,191 2967,955 2925,631 2878,061 2863,897 2848,264 2819,147 2807,601 2803,874 2795,319 2806,247 2842,185 2851,349 2874,682 2915,184 2962,11 2866,946 2814,15 2801,89 2784,886 2793,379 2820,361 2832,699 2795,039 2778,313 2745,16 2740,432 2735,666 2771,519 2837,036 2899,369 2958,229 3014,431 2966,919
2295,04 2294,146 2261,234 2220,631 2164,933 2171,749 2184,645 2168,85 2138,329 2098,411 2052,822 1968,236 1903,443 1893,392 1918,623 1954,2 1995,806 2063,239 2154,207 2265,532 2363,817 2440,096 2510,728 2579,792 2656,068 2731,821 2812,914 2907,453 2988,334 2968,627 2902,088 2848,913 2811,164 2791,566 2782,234 2770,749 2757,17 2753,428 2765,709 2796,549 2839,27 2845,98 2853,872 2914,642 2993,879 2939,077 2882,585 2875,841 2865,115 2874,593 2845,781 2815,925 2792,558 2774,327 2773,329 2771,744 2788,785 2841,736 2892,553 2965,475 3028,74 3044,24 2970,126
2304,14 2319,5 2289,305 2250,337 2203,99 2210,516 2218,762 2217,039 2205,131 2171,465 2116,344 2042,795 1963,657 1931,844 1920,6 1945,929 1981,694 2068,143 2178,6 2288,973 2388,603 2470,195 2572,969 2653,328 2728,865 2784,655 2849,171 2923,791 2956,061 2941,409 2878,718 2802,603 2764,444 2747,279 2738,999 2732,88 2721,556 2719,802 2754,655 2798,967 2828,622 2855,289 2885,849 2912,358 2958,27 3003,272 2975,141 2967,87 2938,519 2870,475 2835,671 2821,039 2813,283 2806,207 2818,952 2829,99 2844,851 2890,915 2932,891 2982,919 3066,291 3075,895 2996,694
2308,935 2331,954 2297,858 2276,162 2240,917 2238,969 2234,025 2245,305 2245,514 2229,768 2186,578 2115,798 2028,059 1979,603 1962,987 1953,135 1993,957 2078,093 2159,036 2309,59 2429,814 2487,796 2575,456 2640,901 2701,915 2750,898 2816,552 2868,794 2870,613 2880,954 2829,827 2786,932 2746,671 2724,607 2709,455 2712,805 2701,96 2694,715 2742,445 2781,252 2803,052 2851,361 2930,036 2943,745 2968,853 2997,657 3062,654 3041,875 2953,158 2891,359 2860,211 2850,32 2847,623 2846,462 2872,934 2929,283 2922,128 2956,5 2978,991 2989,62 3066,987 3128,576 3049,914
2332,396 2341,85 2311,934 2291,97 2282,624 2271,084 2254,605 2283,891 2302,369 2292,198 2228,519 2168,175 2096,991 2039,117 2015,792 2002,036 2042,665 2094,457 2164,346 2298,9 2408,487 2460,163 2533,172 2587,615 2657,998 2694,47 2765,141 2787,833 2795,378 2828,711 2799,721 2749,55 2725,198 2695,533 2676,413 2687,638 2685,796 2693,443 2738,641 2781,2 2799,202 2842,326 2903,114 2967,962 2988,813 3023,631 3097,253 3052,427 2977,644 2925,613 2891,385 2881,774 2889,343 2922,252 2970,136 3020,302 3019,533 3061,088 3049,094 3025,056 3032,19 3046,548 3056,462
2374,575 2356,707 2336,193 2318,997 2319,002 2303,269 2287,642 2325,464 2363,971 2332,327 2277,649 2239,597 2166,09 2105,208 2072,159 2067,768 2074,264 2117,488 2169,391 2272,366 2331,76 2394,945 2462,84 2536,494 2585,006 2641,48 2698,45 2711,878 2734,144 2753,854 2757,24 2711,534 2688,521 2659,582 2656,552 2675,005 2678,165 2698,209 2745,072 2780,762 2806,226 2843,271 2897,952 2973,205 3014,602 3049,266 3137,385 3099,422 3048,948 2992,401 2963,568 2943,121 2947,632 2991,441 3069,108 3092,786 3121,603 3154,942 3108,918 3015,824 2957,981 2956,657 2956,879
2414,237 2382,314 2360,179 2362,536 2343,602 2329,661 2328,395 2382,374 2420,262 2378,054 2340,308 2289,412 2219,225 2159,707 2136,033 2130,251 2121,48 2119,399 2145,708 2200,079 2249,981 2305,194 2384,369 2463,656 2546,454 2592,724 2611,264 2618,29 2641,828 2669,915 2698,973 2657,019 2642,697 2648,824 2663,367 2682,148 2695,213 2705,947 2738,987 2787,606 2843,598 2890,672 2966,553 3032,696 3035,122 3076,125 3176,734 3170,919 3111,018 3101,881 3102,236 3076,137 3026,437 3089,79 3148,742 3150,063 3147,464 3112,056 3088,815 3009,03 2951,286 2936,057 2896,562
2424,059 2404,327 2400,772 2391,999 2367,413 2379,122 2394,119 2460,981 2485,273 2444,106 2397,804 2337,139 2262,912 2213,565 2185,402 2160,51 2136,131 2130,032 2137,158 2161,167 2201,19 2250,062 2320,741 2436,885 2502,311 2507,151 2532,858 2552,308 2568,271 2593,539 2628,313 2639,997 2653,976 2670,681 2675,854 2685,508 2688,807 2698,356 2764,979 2864,339 2916,601 3009,112 3086,924 3070,116 3052,634 3078,49 3158,626 3142,597 3111,833 3108,538 3101,165 3087,767 3084,688 3083,289 3062,043 3057,358 3078,979 3047,946 3034,473 3027,697 2954,198 2917,573 2868,149
2458,968 2441,59 2437,452 2402,99 2395,88 2397,014 2427,063 2518,166 2547,704 2495,892 2427,036 2359,606 2312,013 2265,032 2219,849 2183,985 2163,467 2148,435 2141,34 2152,415 2179,764 2223,797 2288,05 2377,599 2428,94 2451,449 2479,393 2499,298 2542,4 2588,658 2624,646 2643,754 2651,916 2661,599 2656,433 2656,866 2663,12 2684,422 2741,573 2811,377 2927,371 3023,198 3100,662 3117,619 3083,587 3087,172 3135,308 3087,644 3036,198 3021,595 3010,888 3001,238 3009,511 3017,051 2986,08 2981,914 3023,743 3014,905 2993,03 3006,201 2946,303 2894,952 2860,755
2483,209 2453,9 2443,468 2419,623 2415,523 2424,534 2453,783 2553,146 2593,727 2528,989 2475,88 2425,414 2369,955 2314,066 2265,371 2238,316 2212,275 2183,981 2158,543 2168,57 2185,843 2201,082 2258,416 2335,449 2373,608 2406,959 2427,238 2456,947 2517,005 2581,738 2618,013 2641,843 2648,585 2647,18 2641,815 2654,841 2669,817 2703,755 2733,99 2793,569 2891,379 2974,882 3115,186 3200,464 3142,937 3122,616 3125,506 3062,949 3015,062 2974,905 2953,482 2939,24 2942,915 2946,373 2937,248 2935,501 2973,443 2999,406 2969,331 2974,768 2954,454 2897,499 2866,074
2482,869 2469,763 2472,107 2450,816 2435,79 2451,919 2497,889 2574,643 2623,199 2587,604 2529,837 2490,264 2426,34 2367,323 2330,077 2300,481 2262,184 2241,416 2200,938 2189,947 2205,506 2200,421 2226,664 2280,955 2327,624 2351,211 2386,167 2433,385 2492,214 2564,993 2621,919 2644,211 2647,689 2640,481 2654,744 2704,151 2721,924 2725,369 2753,602 2806,186 2886,416 2959,241 3031,114 3115,971 3176,641 3167,72 3119,546 3049,491 2988,652 2952,147 2929,5 2915,641 2913,751 2908,083 2906,747 2918,893 2930,808 2977,829 2959,944 2945,41 2950,522 2888,201 2851,797
2501,352 2494,512 2481,142 2478,336 2473,486 2501,077 2543,307 2619,9 2666,029 2646,932 2594,858 2544,35 2476,344 2421,017 2388,383 2365,113 2336,246 2312,779 2268,526 2239,426 2213,305 2201,731 2219,223 2248,587 2285,945 2327,414 2373,99 2429,874 2486,723 2554,684 2616,432 2635,805 2649,25 2653,964 2675,862 2754,135 2756,613 2757,871 2770,564 2837,305 2942,502 3052,042 3088,899 3186,928 3205,469 3143,859 3107,242 3042,345 2976,413 2936,623 2914,5 2909,961 2899,113 2892,534 2895,842 2896,685 2887,846 2890,566 2905,201 2919,61 2920,317 2875,359 2829,872
