rofental/data/rofental/dem_rofental_100.asc
ncols         322
nrows         225
xllcorner     622802,488
yllcorner     5178049,379
cellsize      100
NODATA_value  -9999
[rows 140 to 167 of 225, columns 189 to 251 of 322]
2954,304 3001,451 3014,369 3026,06 3041,636 3064,832 3145,25 3242,252 3333,12 3415,102 3365,12 3303,954 3238,083 3199,779 3179,878 3172,128 3144,578 3085,703 3042,294 2980,571 2918,641 2864,233 2796,582 2754,713 2728,418 2663,352 2591,923 2509,336 2434,84 2367,162 2299,39 2250,579 2215,116 2244,262 2284,516 2349,885 2404,843 2483,903 2555,374 2635,974 2710,354 2765,065 2810,748 2869,178 2950,974 3042,373 3129,443 3123,564 3065,146 3041,908 3018,942 2991,427 2962,943 2933,195 2907,922 2894,462 2865,993 2859,518 2865,536 2879,189 2894,577 2907,99 2921,538
2986,267 3034,692 3057,373 3048,327 3066,743 3084,851 3130,66 3242,113 3334,815 3415,912 3396,21 3341,793 3302,439 3267,485 3261,397 3198,796 3133,23 3095,094 3067,017 2988,368 2936,263 2889,796 2823,871 2787,304 2747,142 2670,58 2588,06 2498,447 2423,675 2353,208 2289,916 2240,014 2229,667 2266,984 2309,436 2384,521 2444,529 2503,62 2573,805 2654,214 2724,518 2782,61 2834,711 2895,002 2969,235 3057,511 3139,347 3121,65 3086,185 3076,492 3061,562 3038,688 3020,938 3018,053 2985,953 2936,96 2907,882 2889,618 2883,269 2892,48 2904,916 2917,777 2934,742
3033,835 3076,442 3110,734 3081,606 3093,398 3107,646 3146,203 3228,966 3322,248 3378,87 3322,859 3303,853 3281,353 3267,565 3248,981 3171,103 3114,071 3081,13 3063,221 3019,01 2977,761 2925,252 2859,626 2823,022 2755,249 2673,951 2582,024 2485,215 2404,976 2335,155 2276,853 2230,159 2263,116 2303,815 2339,905 2378,943 2436,218 2515,209 2590,689 2662,809 2735,388 2790,231 2849,98 2916,66 2977,404 3057,829 3143,855 3165,443 3133,244 3131,43 3134,085 3130,216 3122,774 3101,12 3039,249 2972,838 2947,484 2944,148 2939,379 2912,861 2918,176 2930,357 2944,988
3103,018 3142,397 3153,438 3119,889 3116,932 3127,226 3178,25 3278,641 3323,817 3304,523 3254,213 3231,211 3222,097 3203,353 3189,751 3183,262 3139,127 3094,419 3047,796 3018,672 2980,533 2930,121 2881,742 2830,633 2755,701 2669,887 2567,247 2482,435 2392,557 2318,16 2266,047 2234,423 2293,902 2345,15 2390,704 2432,181 2482,158 2506,671 2558,153 2642,573 2729,778 2791,511 2861,835 2936,343 3014,651 3091,695 3172,674 3223,307 3209,06 3221,255 3232,376 3227,106 3184,973 3138,886 3080,614 3012,917 2983,48 2983,338 3002,938 2968,396 2953,702 2957,981 2966,726
3080,523 3146,95 3175,39 3148,169 3147,608 3151,898 3206,184 3258,119 3248,728 3235,746 3216,183 3184,448 3176,254 3162,703 3165,906 3154,603 3128,715 3091,419 3056,145 3022,643 2968,037 2918,755 2879,81 2832,553 2751,959 2667,629 2582,593 2493,258 2391,877 2315,395 2263,902 2242,747 2318,482 2378,67 2418,911 2463,379 2524,557 2572,44 2618,115 2639,488 2694,256 2783,111 2860,56 2942,421 3014,525 3092,311 3160,664 3231,798 3284,712 3295,138 3301,574 3248,414 3206,945 3171,976 3122,618 3049,157 3018,749 3019,686 3055,166 3058,314 3015,836 2994,014 2992,919
3042,362 3122,488 3201,64 3187,549 3181,828 3188,299 3242,159 3208,745 3193,776 3192,046 3177,157 3153,118 3139,36 3116,248 3112,78 3106,511 3090,909 3062,992 3040,531 3007,881 2954,279 2906,318 2858,065 2794,232 2726,008 2657,073 2585,855 2497,312 2401,432 2314,209 2259,561 2250,882 2343,403 2411,586 2450,78 2506,538 2569,003 2631,756 2695,345 2735,936 2739,856 2783,091 2870,331 2941,111 2994,554 3052,432 3131,916 3206,869 3292,304 3340,153 3335,639 3288,937 3260,176 3238,895 3154,927 3080,117 3048,944 3053,514 3078,946 3127,256 3084,149 3045,812 3022,991
3055,959 3110,57 3222,157 3266,739 3240,864 3247,61 3229,215 3178,836 3161,746 3149,451 3140,487 3120,024 3099,103 3076,704 3058,685 3043,18 3037,565 3016,019 2998,974 2970,855 2943,701 2897,512 2838,27 2760,114 2682,476 2619,755 2563,319 2477,24 2386,275 2310,155 2255,284 2256,146 2347,426 2428,124 2483,199 2539,131 2609,721 2685,339 2756,324 2809,137 2823,504 2839,433 2863,095 2920,794 2978,082 3045,812 3123,7 3206,945 3289,793 3320,975 3331,932 3326,742 3319,436 3274,861 3207,144 3129,817 3091,03 3093,266 3116,33 3168,966 3153,438 3108,089 3078,368
3074,438 3090,221 3190,068 3295,613 3290,749 3249,9 3202,796 3163,463 3132,289 3119,911 3100,938 3069,182 3054,96 3019,508 3003,434 2999,16 2988,587 2974,504 2956,228 2939,976 2913,692 2877,734 2807,653 2726,463 2654,467 2581,464 2514,191 2453,275 2372,059 2307,541 2255,799 2268,324 2343,218 2438,454 2517,2 2567,525 2624,827 2703,073 2773,927 2850,223 2901,607 2925,732 2944,065 2992,699 3031,826 3090,047 3160,967 3238,073 3232,128 3238,052 3246,753 3247,078 3253,559 3258,248 3252,463 3216,176 3164,034 3153,476 3201,444 3231,862 3209,174 3166,757 3155,634
3090,264 3100,672 3201,324 3286,323 3239,792 3206,433 3171,276 3139,402 3084,666 3069,646 3042,864 3003,442 3001,476 2973,125 2955,279 2952,063 2947,883 2947,6 2932,197 2905,132 2883,695 2843,434 2775,032 2718,059 2658,795 2578,007 2492,475 2429,526 2368,34 2303,696 2257,587 2291,999 2359,176 2449,821 2528,888 2593,094 2652,685 2718,742 2792,667 2860,45 2918,988 2968,734 3014,957 3063,052 3095,134 3133,624 3178,306 3183,428 3147,502 3145,741 3164,697 3165,611 3171,445 3165,259 3168,807 3207,151 3219,823 3195,094 3236,293 3291,687 3246,831 3213,608 3203,899
3111,603 3116,181 3173,508 3251,926 3208,829 3176,453 3115,379 3082,897 3044,053 3020,086 2998,32 2973,677 2952,245 2949,022 2946,583 2936,23 2923,754 2907,048 2894,184 2883,358 2851,247 2803,405 2751,418 2693,864 2630,212 2538,85 2468,028 2403,014 2348,673 2290,205 2268,011 2312,574 2368,951 2475,357 2537,408 2610,97 2676,835 2737,536 2797,353 2851,108 2902,434 2942,754 2965,11 2995,124 3017,197 3046,086 3073,877 3083,839 3076,771 3066,047 3080,212 3081,825 3092,704 3086,66 3099,443 3134,259 3186,871 3225,655 3251,077 3306,554 3272,249 3240,941 3227,992
3137,715 3134,301 3182,655 3246,787 3190,223 3142,161 3088,665 3048,125 3020,744 3008,066 2989,928 2962,931 2950,409 2943,389 2931,391 2925,699 2915,898 2897,576 2875,857 2867,731 2832,144 2774,222 2717,667 2659,829 2590,301 2519,824 2460,413 2395,207 2333,694 2274,885 2289,776 2338,682 2393,041 2467,454 2561,796 2615,785 2691,004 2752,115 2796,928 2835,777 2879,331 2916,606 2942,502 2960,574 2969,436 2984,146 2996,641 3013,18 3006,49 3002,734 3004,204 3016,896 3038,641 3048,261 3063,768 3071,535 3115,139 3147,895 3173,655 3208,91 3225,604 3239,994 3253,421
3177,702 3187,97 3202,53 3192,556 3167,872 3110,198 3057,863 3029,156 3014,128 2984,874 2972,741 2941,516 2924,471 2920,725 2917,713 2907,849 2894,901 2875,983 2863,107 2838,468 2792,326 2740,356 2685,198 2633,739 2569,645 2507,382 2443,076 2368,355 2286,744 2284,938 2319,056 2364,241 2429,507 2493,42 2584,601 2641,748 2699,256 2746,54 2785,956 2818,017 2850,072 2888,027 2911,9 2926,712 2939,472 2946,561 2953,185 2951,831 2945,97 2939,314 2935,81 2961,55 2980,02 2991,045 3009,319 3023,052 3046,688 3063,095 3082,911 3104,534 3131,363 3162,011 3207,797
3261,537 3203,973 3163,003 3139,466 3121,513 3093,833 3057,592 3031,789 2999,89 2982,419 2959,641 2932,601 2917,692 2911,958 2905,718 2897,407 2878,742 2835,705 2818,268 2785,052 2750,237 2707,689 2661,184 2613,716 2559,65 2488,324 2418,708 2339,719 2289,581 2324,651 2354,695 2401,069 2446,925 2530,192 2602,996 2652,986 2688,383 2723,987 2753,875 2792,142 2836,711 2856,85 2862,65 2872,505 2881,753 2884,749 2887,621 2880,34 2875,42 2866,673 2872,688 2899,405 2917,144 2936,399 2956,324 2980,981 3003,408 3026,5 3044,384 3058,474 3068,883 3098,364 3143,132
3263,844 3190,552 3145,975 3113,966 3095,246 3078,94 3046,496 3011,795 2978,77 2959,62 2934,264 2913,819 2894,437 2880,603 2879,759 2858,753 2839,527 2806,889 2775,344 2743,554 2708,706 2670,263 2625,829 2579,121 2526,329 2460,134 2390,943 2307,79 2304,045 2354,095 2391,652 2450,904 2480,242 2538,551 2591,538 2635,424 2671,761 2697,75 2722,812 2752,419 2783,359 2801,652 2806,615 2809,298 2810,951 2811,201 2796,901 2791,396 2793,184 2791,505 2805,57 2831,435 2849,421 2874,135 2904,777 2944,041 2964,493 2993,125 3026,469 3046,997 3064,187 3076,341 3099,192
3271,333 3198,29 3145,827 3104,499 3062,781 3036,232 3013,023 2995,582 2966,847 2948,325 2916,396 2892,47 2863,255 2857,319 2849,053 2820,517 2789,87 2767,666 2731,522 2697,083 2658,475 2620,538 2581,665 2544,344 2492,024 2435,871 2371,418 2307,143 2307,272 2355,956 2390,671 2438,849 2480,1 2519,037 2566,837 2608,103 2637,352 2655,55 2676,59 2705,013 2731,759 2748,853 2749,79 2733,529 2723,215 2710,991 2700,99 2714,083 2711,778 2720,611 2741,939 2761,921 2789,542 2811,442 2849,475 2886,033 2906,938 2952,095 2992,215 3013,263 3026,672 3037,311 3066,149
3297,465 3221,132 3148,713 3092,879 3041,699 2995,612 2965,109 2951,785 2940,719 2915,991 2898,529 2863,453 2830,296 2809,686 2797 2769,395 2740,74 2713,013 2676,186 2645,682 2621,035 2594,274 2556,572 2511,234 2466,542 2419,997 2363,064 2303,07 2294,882 2341,046 2370,728 2404,141 2449,575 2490,565 2532,544 2564,032 2584,045 2597,57 2612,148 2643,362 2663,656 2668,739 2662,239 2635,443 2624,104 2615,871 2610,168 2615,256 2625,244 2645,476 2667,354 2697,064 2727,871 2754,729 2792,394 2827,358 2845,498 2897,563 2954,043 2990,512 3003,248 3016,461 3053,875
3259,467 3204,792 3134,555 3079,709 3033,315 2975,502 2933,402 2915,106 2900,039 2882,37 2864 2838,36 2801,85 2770,24 2743,921 2725,136 2702,5 2661,767 2635,571 2616,123 2590,175 2561,79 2531,732 2492,907 2440,109 2394,158 2355,789 2317,472 2300,342 2333,135 2372,198 2387,771 2419,052 2452,251 2474,692 2492,656 2504,524 2516,439 2534,547 2566,303 2584,905 2579,669 2557,997 2539,357 2534,497 2530,126 2525,291 2532,101 2549,37 2574,445 2598,991 2625,876 2660,625 2686,331 2729,337 2768,567 2803,044 2850,772 2906,339 2950,734 2982,326 2998,779 3027,792
3194,553 3154,081 3101,895 3055,665 3008,417 2968,952 2929,72 2900,177 2868,498 2861,056 2826,041 2795,719 2759,01 2729,134 2699,003 2675,65 2661,351 2631,546 2594,211 2575,71 2552,948 2531,688 2508,69 2483,805 2457,408 2418,282 2383,657 2333,75 2307,215 2323,969 2353,654 2368,656 2379,908 2394,769 2409,494 2417,052 2425,197 2436,854 2464,44 2482,696 2487,837 2476,065 2470,961 2474,35 2485,721 2486,093 2491,058 2497,656 2507,955 2522,089 2537,44 2564,613 2597,726 2629,583 2667,847 2714,462 2757,22 2805,957 2851,089 2884,809 2938,387 2973,374 2984,104
3157,918 3125,2 3089,55 3059,968 3016,858 2974,657 2922,426 2884,219 2844,757 2816,441 2792,548 2757,199 2726,213 2702,93 2676,558 2652,845 2636,136 2601,726 2567,153 2548,438 2530,965 2507,36 2487,092 2478,831 2477,48 2445,016 2398,922 2350,156 2314,319 2333,116 2380,073 2383,903 2390,498 2402,649 2396,779 2400,598 2407,382 2413,605 2420,838 2436,379 2449,53 2470,559 2482,787 2500,961 2526,814 2536,946 2518,026 2508,994 2506,049 2503,453 2514,144 2529,072 2552,739 2578,853 2608,384 2657,958 2702,027 2754,521 2797,582 2846,51 2893,124 2931,653 2936,515
3123,594 3101,011 3080,752 3049,128 3011,517 2964,882 2927,882 2879,624 2826,201 2787,467 2752,044 2723,277 2701,194 2677,925 2652,754 2630,798 2606,295 2573,306 2549,006 2528,019 2516,818 2513,732 2514,13 2526,558 2511,927 2465,909 2417,867 2367,845 2326,296 2350,714 2410,557 2409,531 2413,61 2433,051 2455,664 2464,889 2456,469 2449,15 2462,188 2480,966 2499,188 2525,317 2542,198 2563,823 2583,1 2598,479 2589,832 2570,347 2562,357 2539,503 2536,917 2526,929 2535,71 2556,383 2574,105 2609,636 2649,947 2703,895 2759,167 2817,437 2865,08 2889,97 2906,024
3106,089 3072,86 3049,889 3011,232 2966,8 2941,844 2904,771 2860,715 2812,272 2774,377 2722,424 2695,409 2673,68 2648,492 2619,2 2594,083 2570,622 2549,477 2534,282 2530,758 2534,87 2549,275 2564,318 2578,464 2554,406 2492,676 2440,499 2380,356 2341,163 2365,572 2434,063 2437,847 2460,855 2480,266 2512,217 2521,997 2533,057 2527,859 2525,626 2544,428 2561,489 2587,381 2614,078 2633,377 2652,386 2670,302 2682,273 2667,758 2643,886 2611,138 2585,026 2579,937 2564,47 2554,359 2558,231 2577,517 2616,072 2662,323 2715,835 2778,518 2849,401 2885,986 2895,837
3102,269 3061,787 3012,873 2966,998 2927,343 2898,247 2863,345 2834,039 2789,311 2735,208 2696,345 2670,044 2647,811 2622,076 2586,743 2565,559 2552,599 2545,844 2551,464 2562,666 2581,595 2613,988 2631,294 2650,409 2602,915 2535,272 2469,753 2399,838 2362,071 2381,78 2451,995 2464,9 2497,069 2536,003 2567,125 2588,167 2593,219 2628,213 2631,606 2628,821 2638,292 2649,594 2680,37 2702,742 2721,056 2740,839 2760,687 2756,623 2726,072 2691,922 2660,7 2628,114 2603,986 2584,614 2569,26 2580,54 2596,393 2633,583 2684,65 2738,605 2798,783 2861,771 2907,644
3113,244 3059,394 2995,56 2945,62 2911,236 2877,93 2851,022 2812,81 2756,786 2704,952 2675,894 2652,213 2621,908 2593,592 2571,176 2562,454 2571,362 2584,19 2596,788 2617,387 2648,558 2682,709 2712,501 2706,742 2643,203 2568,041 2496,806 2417,692 2380,522 2394,16 2466,097 2485,94 2523,583 2582,449 2634,751 2670,789 2676,733 2690,55 2702,797 2718,576 2730,076 2761,2 2755,522 2766,681 2789,292 2814,448 2835,578 2848,61 2800,527 2759,784 2718,851 2677,061 2644,366 2631,031 2601,013 2595,364 2606,668 2624,606 2667,6 2706,926 2761,915 2824,271 2860,521
3082,383 3039,834 2976,791 2929,187 2893,495 2860,521 2827,72 2774,014 2724,895 2687,029 2652,714 2618,474 2592,509 2578,885 2573,48 2583,389 2617,413 2636,787 2660,87 2708,171 2735,232 2764,006 2770,678 2721,461 2655,131 2580,899 2506,12 2425,867 2393,523 2411,74 2477,432 2503,129 2555,335 2602,639 2679,414 2721,092 2758,016 2765,417 2768,679 2787,652 2808,854 2835,769 2846,609 2843,561 2858,09 2902,417 2934,815 2941,92 2872,352 2822,505 2774,9 2727,258 2691,293 2683,29 2637,682 2621,825 2622,418 2623,848 2649,54 2686,693 2739,792 2799,531 2857,321
3075,82 3037,105 2992,813 2942,518 2896,702 2850,975 2796,691 2743,296 2694,603 2656,59 2622,214 2599,092 2586,136 2586,42 2598,694 2620,114 2668,417 2701,344 2753,109 2794,903 2790,147 2795,028 2761,323 2710,282 2636,447 2564,871 2481,597 2436,083 2411,771 2445,685 2506,849 2521,044 2582,168 2641,295 2679,203 2734,373 2792,505 2839,525 2865,064 2902,803 2908,271 2946,768 2949,302 2939,085 2939,443 2974,803 3015,253 3008,797 2938,028 2885,583 2845,019 2793,832 2755,908 2726,725 2669,662 2645,83 2645,509 2639,482 2647,719 2674,238 2725,915 2782,784 2846,593
3027,014 3005,275 2970,931 2920,27 2873,849 2818,473 2760,683 2714,021 2671,477 2636,071 2611,693 2596,528 2596,282 2616,77 2646,636 2682,768 2751,712 2778,5 2829,26 2840,46 2824,481 2799,41 2720,337 2650,819 2577,473 2506,474 2455,718 2440,814 2446,829 2485,05 2543,287 2567,789 2586,558 2648,014 2706,84 2747,815 2793,357 2852,118 2894,048 2948,879 3021,26 3056,262 3049,706 3041,754 3023,867 3068,43 3077,455 3071,071 3003,942 2961,019 2912,863 2846,662 2803,135 2748,535 2688,752 2672,684 2667,393 2657,546 2658,271 2673,722 2715,261 2762,789 2808,993
2989,198 2956,215 2922,309 2887,265 2842,6 2789,231 2733,973 2683,779 2649,864 2625,775 2611,651 2604,573 2622,847 2659,461 2711,595 2754,428 2807,723 2857,953 2864,407 2827,305 2796,273 2742,57 2674,487 2604,239 2536,648 2488,214 2464,744 2472,624 2495,444 2527,979 2585,953 2638,462 2651,25 2669,16 2713,087 2769,398 2802,714 2843,745 2885,617 2930,774 2998,774 3080,378 3123,019 3138,659 3120,689 3147,897 3156,873 3148,748 3079,504 3003,279 2930,315 2872,623 2812,008 2755,317 2704,09 2700,398 2688,844 2678,037 2672,914 2681,257 2708,372 2745,551 2783,538
2966,984 2915,015 2883,801 2863,335 2830,945 2778,46 2726,418 2676,311 2646,946 2628,448 2617,975 2624,332 2663,457 2713,974 2780,843 2824,823 2868,187 2897,737 2867,542 2802,437 2760,835 2704,707 2620,786 2560,261 2534,549 2505,726 2516,487 2527,485 2551,173 2589,692 2648,29 2712,114 2729,966 2733,83 2753,603 2774,898 2821,536 2860,329 2880,696 2922,243 2964,625 3000,85 3056,842 3100,037 3178,602 3209,454 3234,295 3194,366 3106,851 3021,416 2949,925 2890,811 2834,317 2770,173 2723,511 2727,612 2714,624 2700,198 2694,71 2699,757 2716,033 2745,456 2783,999
