rofental/data/rofental/dem_rofental_50.asc
ncols         644
nrows         451
xllcorner     622802,488
yllcorner     5177999,379
cellsize      50
NODATA_value  -9999
[rows 308 to 335 of 451, columns 252 to 314 of 644]
2729,1 2726,978 2724,344 2721,19 2716,704 2708,255 2695,252 2685,886 2690,2 2706,163 2724,572 2734,154 2744,481 2749,625 2760,362 2768,023 2773,074 2788,593 2809,979 2811,282 2825,271 2848,937 2877,633 2893,627 2901,041 2906,211 2921,649 2927,307 2926,635 2937,175 2960,21 2989,629 3001,273 3020,677 3056,055 3083,787 3108,71 3108,647 3104,297 3100,848 3092,247 3061,432 3031,707 3015,858 3009,059 2999,273 2992,443 2982,044 2975,46 2968,233 2952,755 2945,061 2931,855 2915,363 2909,721 2892,415 2873,058 2849,922 2817,333 2787,469 2760,919 2730,01 2703,967
2732,96 2731,05 2728,529 2725,808 2720,336 2707,069 2695,814 2696,76 2707,661 2734,289 2749,68 2754,206 2766,412 2776,686 2782,305 2789,999 2798,637 2818,906 2836,702 2845,529 2852,736 2879,3 2900 2923,552 2923,446 2926,783 2947,015 2952,332 2959,171 2968,35 2981,591 3005,798 3014,253 3031,721 3066,605 3106,787 3093,219 3083,414 3081,795 3083,448 3079,335 3066,845 3034,222 3019,029 3007,269 2996,737 2992,167 2982,471 2970,814 2954,892 2938,098 2928,848 2919,341 2906,552 2900,092 2889,075 2863,571 2836,065 2803,202 2776,822 2746,685 2720,216 2695,395
2737,491 2734,896 2732,45 2729,813 2720,902 2707,312 2707,785 2715,257 2724,479 2751,202 2768,832 2787,05 2799,805 2796,757 2800,106 2807,448 2824,558 2845,293 2864,82 2877,496 2888,122 2910,097 2934,921 2952,281 2960,415 2958,401 2962,426 2976,849 2986,648 2994,632 3005,134 3030,044 3042,828 3055,538 3082,475 3099,757 3076,161 3061,653 3059,248 3062,562 3060,976 3056,567 3036,251 3019,521 3004,106 2991,081 2984,847 2969,182 2960,061 2945,14 2931,283 2926,095 2910,379 2895,553 2884,919 2870,476 2845,456 2817,51 2790,438 2762,125 2734,932 2710,529 2686,942
2740,539 2738,088 2735,781 2732,537 2722,094 2717,417 2726,397 2737,414 2753,057 2764,076 2794,131 2797,483 2802,318 2817,577 2822,724 2824,338 2841,352 2872,519 2894,708 2909,426 2922,736 2939,401 2962,753 2985,658 2997,195 2982,8 2983,676 2996,608 3007,022 3014,918 3026,478 3055,186 3066,358 3085,59 3106,678 3105,843 3073,032 3060,544 3047,12 3041,722 3041,953 3046,753 3034,031 3024,17 2993,093 2988,843 2979,742 2961,922 2949,365 2941,945 2930,683 2924,125 2911,42 2890,37 2861,707 2844,604 2823,166 2801,657 2774,422 2747,484 2723,685 2701,646 2679,336
2743,937 2740,204 2739,105 2734,503 2726,875 2730,157 2750,293 2768,855 2772,052 2779,703 2804,149 2812,114 2822,396 2826,969 2830,708 2839,341 2858,239 2897,976 2926,884 2944,595 2958,898 2984,197 3000,376 3030,296 3031,151 3016,24 3008,615 3015,033 3023,219 3032,54 3049,81 3072,876 3090,994 3115,198 3137,724 3101,812 3074,061 3055,954 3046,147 3042,63 3041,761 3035,295 3037,394 3019,971 2986,921 2980,159 2972,129 2965,969 2956,097 2949,634 2928,636 2925,462 2905,721 2876,397 2854,241 2830,986 2811,672 2781,284 2754,397 2733,146 2710,342 2690,945 2672,513
2747,213 2742,204 2740,738 2737,699 2732,49 2741,343 2765,17 2782,305 2786,654 2806,944 2814,7 2819,456 2835,603 2840,699 2844,113 2858,022 2877,176 2915,354 2945,869 2979,299 2998,194 3020,93 3031,448 3074,778 3054,398 3040,633 3034,395 3036,4 3041,514 3051,506 3072,561 3090,023 3108,906 3136,335 3135,752 3103,937 3075,869 3054,804 3049,978 3050,964 3051,246 3034,304 3023,763 3010,769 2994,741 2984,167 2975,182 2966,763 2956,683 2949,309 2932,567 2923,717 2908,573 2875,022 2852,866 2836,683 2812,016 2784,938 2756,643 2724,019 2702,877 2685,157 2665,041
2748,799 2743,657 2741,422 2738,492 2741,572 2754,658 2781,208 2797,666 2808,19 2827,009 2836,221 2843,693 2848,594 2860,872 2870,738 2893,423 2922,344 2944,216 2971,842 3004,089 3029,313 3072,869 3083,307 3094,917 3071,946 3064,606 3062,668 3065,441 3069,653 3078,579 3097,091 3115,981 3133,76 3160,238 3134,143 3096,948 3077,177 3057,657 3050,325 3054,911 3048,481 3030,708 3014,113 3004,992 2996,051 2985,889 2973,534 2965,184 2959,156 2950,625 2927,136 2912,532 2894,726 2867,955 2851,111 2832,637 2804,214 2777,177 2748,609 2719,103 2696,277 2676,085 2655,251
2750,37 2745,024 2742,453 2740,636 2750,512 2772,001 2801,604 2817,843 2824,474 2846,596 2855,953 2866,691 2871,043 2885,224 2899,655 2915,635 2952,151 2967,059 2979,378 2987,004 3013,206 3065,261 3098,833 3113,21 3090,615 3086,582 3087,014 3091,1 3096,926 3104,667 3117,635 3146,787 3163,295 3150,243 3125,489 3104,215 3084,431 3061,894 3054,771 3048,655 3031,633 3018,366 3000,105 2983,657 2975,181 2970,26 2965,189 2954,585 2950,53 2935,778 2920,754 2906,827 2887,189 2864,578 2848,311 2825,514 2797,987 2766,146 2740,505 2709,67 2692,527 2670,411 2648,851
2752,265 2747,191 2745,506 2748,054 2762,876 2792,396 2816,085 2836,666 2848,081 2868,29 2877,597 2887,495 2901,581 2911,215 2927,027 2951,365 2973,301 2984,229 2994,854 3010,125 3025,06 3046,455 3081,614 3106,71 3108,058 3102,262 3099,09 3111,128 3121,471 3131,585 3147,649 3170,38 3166,185 3132,163 3117,328 3112,069 3088,178 3071,675 3068,949 3047,971 3021,322 3002,361 2988,678 2970,795 2967,393 2953,951 2946,785 2933,6 2929,158 2919,941 2902,005 2889,793 2876,377 2860,393 2836,662 2810,146 2785,549 2765,726 2740,658 2718,832 2690,441 2666,417 2647,095
2753,864 2750,475 2748,695 2759,169 2790,484 2807,572 2832,465 2853,255 2868,817 2890,234 2893,623 2907,441 2922,78 2935,213 2953,437 2974,591 2991,238 2998,438 3012,138 3026,069 3039,46 3057,021 3070,979 3083,862 3093,864 3107,127 3115,516 3135,195 3149,805 3159,872 3177,141 3185,324 3148,779 3127,857 3122,242 3104,457 3100,854 3095,538 3068,841 3041,144 3021,349 3001,91 2980,364 2964,192 2955,634 2941,743 2938,178 2926,038 2914,026 2911,33 2898,928 2885,334 2867,946 2850,256 2836,407 2815,842 2789,346 2765,438 2740,496 2715,425 2685,274 2662,629 2644,269
2757,525 2756,275 2757,057 2786,232 2806,019 2823,884 2849,557 2862,412 2879,137 2897,87 2909,712 2926,019 2940,609 2958,483 2976,094 2992,715 3004,883 3013,995 3026,95 3036,907 3052,787 3066,042 3076,035 3084,842 3097,607 3123,221 3157,045 3169,342 3187,147 3195,236 3206,703 3177,619 3147,303 3136,198 3125,303 3110,629 3101,569 3090,895 3067,332 3047,234 3017,559 3007,404 2990,943 2963,934 2951,891 2938,124 2936,479 2915,813 2912,823 2908,661 2899,37 2883,55 2870,247 2849,876 2829,483 2807,723 2783,649 2758,315 2734,874 2707,52 2683,503 2659,058 2639,393
2762,14 2761,631 2775,353 2803,007 2818,642 2838,869 2860,804 2878,179 2887,6 2904,343 2925,17 2944,87 2961,463 2981,395 2998,578 3011,62 3022,458 3033,386 3044,239 3056,58 3070,77 3083,498 3089,771 3097,625 3109,317 3134,254 3184,961 3211,15 3221,127 3225,883 3198,096 3166,621 3149,616 3141,312 3142,283 3123,979 3101,907 3078,094 3058,095 3039,423 3015,79 3013,848 2988,917 2957,673 2939,434 2925,661 2919,705 2912,06 2913,406 2915,273 2898,632 2886,636 2867,373 2848,024 2829,377 2805,415 2779,387 2754,315 2727,936 2701,381 2677,423 2654,209 2639,914
2769,117 2769,326 2790,634 2810,534 2827,877 2846,995 2874,831 2891,86 2904,511 2927,341 2947,141 2961,309 2983,193 3007,014 3023,075 3035,244 3045,851 3054,123 3063,698 3078,356 3092,91 3102,394 3105,774 3113,823 3125,628 3143,87 3195,371 3214,787 3211,144 3200,605 3181,337 3166,663 3150,897 3144,095 3126,314 3113,685 3102,968 3092,664 3060,471 3028,594 3002,203 2983,119 2966,242 2957,919 2940,741 2934,652 2930,105 2921,202 2927,035 2912,602 2901,874 2877,33 2865,272 2853,448 2832,581 2816,451 2781,696 2749,771 2721,488 2697,308 2675,643 2652,147 2637,735
2776,144 2779,555 2805,492 2821,577 2838,034 2856,062 2879,265 2904,701 2927,899 2952,773 2976,698 2984,975 3008,376 3035,372 3046,737 3056,534 3065,611 3074,24 3087,418 3102,394 3110,611 3117,943 3121,545 3129,28 3141,927 3171,484 3197,771 3196,125 3189,81 3182,461 3180,774 3178,084 3163,083 3136,485 3112,148 3100,091 3097,582 3084,282 3056,297 3027,434 3013,639 2989,984 2963,729 2952,793 2947,029 2945,47 2936,098 2929,523 2920,666 2909,36 2889,219 2872,858 2866,43 2861,649 2845,132 2811,648 2773,463 2743,012 2715,978 2694,423 2672,511 2651,143 2638,341
2781,294 2798,156 2816,925 2831,879 2844,188 2862,094 2888,531 2920,573 2948,64 2983,38 3008,449 3020,995 3039,51 3058,201 3066,314 3074,654 3084,156 3094,195 3108,2 3117,988 3124,502 3132,26 3138,333 3145,415 3163,739 3198,651 3195,824 3175,365 3164,574 3162,514 3157,449 3154,32 3149,149 3128,192 3100,181 3081,904 3078,231 3064,308 3058,611 3051,909 3038,78 3016,024 2962,802 2953,732 2956,478 2947,403 2940,247 2930,219 2910,698 2893,668 2878,731 2872,289 2869,022 2863,926 2834,643 2800,575 2763,01 2735,257 2711,73 2689,988 2668,962 2651,82 2638,409
2792,065 2810,684 2827,89 2838,642 2846,559 2868,622 2897,384 2925,833 2949,476 2978,883 3011,116 3047,086 3060,991 3075,09 3084,125 3092,542 3101,972 3112,178 3123,525 3131,801 3138,26 3148,081 3155,131 3168,708 3208,917 3207,949 3173,116 3149,979 3144,813 3143,396 3134,732 3131,903 3123,742 3111,81 3091,603 3077,719 3057,691 3059,392 3048,958 3044,752 3035,055 3014,998 2975,287 2962,845 2960,333 2959,736 2944,066 2924,321 2910,321 2891,961 2879,892 2878,839 2878,911 2854,515 2821,629 2788,897 2755,603 2728,118 2705,981 2682,853 2665,307 2647,339 2636,918
2804,043 2821,863 2831,383 2844,892 2857,861 2876,135 2902,308 2929,517 2959,573 2984,816 3013,064 3054,708 3074,35 3088,567 3097,38 3105,951 3117,035 3128,254 3138,17 3145,896 3153,137 3163,348 3173,478 3194,168 3244,32 3213,086 3169,005 3148,679 3139,605 3136,627 3129,053 3118,379 3107,814 3093,781 3078,942 3062,138 3048,924 3043,789 3041,23 3036,066 3024,885 3009,639 2986,2 2975,513 2963,021 2950,406 2942,877 2930,252 2911,072 2897,865 2896,355 2885,978 2876,664 2857,649 2820,292 2785,795 2757,047 2729,244 2704,533 2681,538 2664,802 2647,817 2638,942
2814,495 2826,614 2842,367 2856,366 2871,801 2887,995 2906,537 2936,08 2972,238 3001,399 3039,165 3083,362 3086,341 3100,041 3107,981 3116,92 3128,808 3140,677 3151,688 3160,373 3167,958 3179,791 3190,779 3216,125 3255,113 3231,852 3187,866 3165,957 3151,626 3148,427 3118,752 3094,385 3080,282 3077,394 3066,037 3052,184 3042,121 3032,563 3029,523 3018,342 3009,098 2993,488 2982,712 2969,248 2958,783 2951,315 2946,188 2935,32 2914,152 2914,824 2897,262 2893,612 2879,326 2848,397 2813,909 2780,367 2752,984 2723,494 2696,501 2676,096 2659,962 2651,301 2642,346
2826,85 2837,834 2865,36 2877,479 2891,138 2907,314 2923,829 2948,345 2978,419 3021,191 3056,012 3097,915 3116,93 3116,862 3125,247 3133,209 3145,401 3158,733 3168,89 3177,438 3185,71 3200,664 3214,132 3239,496 3263,689 3238,242 3210,566 3188,399 3172,786 3123,255 3088,156 3063,575 3060,784 3060,744 3057,116 3051,972 3046,399 3042,266 3025,737 3013,446 2996,161 2975,646 2967,289 2961,861 2953,92 2950,661 2936,944 2927,094 2924,226 2914,719 2902,896 2891,848 2871,622 2837,136 2804,945 2772,773 2744,753 2713,492 2689,234 2670,611 2659,658 2651,051 2647,716
2836,739 2848,086 2871,451 2891,774 2914,418 2928,826 2943,271 2960,804 2989,167 3040,818 3084,052 3107,205 3137,021 3145,842 3149,676 3163,552 3193,223 3190,938 3191,779 3201,013 3208,122 3224,179 3239,219 3272,814 3260,146 3241,458 3225,069 3204,894 3172,969 3113,274 3082,055 3057,341 3046,918 3045,786 3044,768 3045,745 3041,805 3035,858 3017,915 3003,48 2985,767 2968,496 2964,494 2953,335 2950,763 2944,678 2937,077 2928,49 2922,601 2908,614 2887,189 2874,825 2857,399 2827,41 2793,019 2764,562 2735,72 2704,686 2681,691 2668,966 2661,436 2658,516 2650,773
2845,56 2869,18 2879,837 2903,998 2930,293 2948,803 2962,976 2977,766 2999,614 3059,282 3107,741 3148,767 3172,706 3193,2 3193,096 3212,991 3227,327 3229,194 3230,021 3236,962 3237,752 3255,681 3274,304 3276,053 3262,063 3249,334 3237,992 3215,814 3161,465 3104,394 3075,203 3055,115 3043,717 3037,253 3036,847 3037,169 3037,149 3031,948 3010,095 2995,405 2978,455 2965,602 2956,266 2947,519 2938,458 2933,747 2925,62 2924,375 2915,168 2903,115 2878,758 2865,415 2838,494 2810,588 2781,005 2756,359 2725,082 2696,801 2678,864 2669,822 2663,944 2658,882 2652,848
2859,405 2885,124 2896,634 2920,655 2945,678 2966,646 2980,396 2993,623 3017,279 3069,117 3121,35 3172,465 3202,617 3221,268 3239,178 3247,036 3251,624 3258,906 3254,399 3255,744 3254,577 3264,479 3275,835 3256,961 3262,853 3257,284 3232,351 3217,395 3183,17 3115,298 3074,689 3052,732 3040,975 3034,477 3033,413 3033,153 3032,07 3021,556 3001,944 2988,587 2971,422 2959,291 2944,403 2932 2926,818 2921,952 2914,644 2909,135 2899,859 2890,206 2879,412 2855,928 2823,665 2795,88 2771,703 2745,243 2711,351 2690,732 2676,816 2669,084 2662,485 2657,828 2654,031
2871,574 2890,979 2910,589 2933,196 2960,641 2980,586 2996,398 3009,376 3031,665 3086,151 3137,098 3185,769 3228,563 3253,818 3256,825 3249,866 3250,723 3252,36 3252,529 3251,988 3253,959 3260,577 3234,109 3225,283 3218,125 3217,416 3216,971 3209,709 3193,665 3140,602 3110,056 3062,862 3038,692 3029,158 3029,128 3022,996 3018,892 3015,416 3005,155 2988,709 2969,979 2962,267 2942,232 2922,68 2911,905 2907,375 2903,408 2892,823 2887,333 2878,112 2864,411 2840,89 2814,597 2790,436 2759,218 2729,779 2702,403 2684,272 2675,433 2667,613 2663,548 2658,656 2654,979
2885,201 2904,138 2924,87 2946,055 2973,736 2995,421 3014,204 3027,545 3046,687 3099,428 3143,534 3194,849 3235,204 3263,212 3254,97 3243,584 3234,481 3240,334 3252,731 3257,696 3258,111 3234,481 3204,87 3201,5 3189,912 3181,968 3174,707 3168,929 3159,521 3150,397 3123,814 3069,656 3033,428 3020,654 3022,29 3013,105 3008,66 3005,001 2998,415 2985,266 2964,182 2959,298 2945,237 2920,293 2910,648 2904,455 2893,725 2883,521 2867,044 2856,241 2842,666 2825,118 2803,242 2774,198 2743,183 2718,699 2693,832 2683,611 2673,668 2667,789 2663,094 2658,482 2658,64
2901,558 2921,177 2939,505 2958,233 2991,879 3015,258 3033,01 3042,235 3066,823 3104,021 3145,438 3195,122 3241,022 3262,13 3247,792 3235,616 3230,992 3229,384 3241,2 3244,522 3238,969 3195,126 3180,182 3177,388 3176,875 3166,573 3163,164 3153,76 3143,349 3134,619 3111,844 3055,41 3034,565 3022,385 3015,587 3012,191 3005,357 2995,951 2989,054 2980,977 2976,212 2963,444 2945,883 2924,257 2915,05 2910,003 2896,333 2880,059 2862,033 2836,662 2818,254 2802,547 2783,07 2754,87 2728,536 2708,201 2688,767 2681,617 2674,136 2670,449 2673,007 2668,299 2660,506
2920,627 2939,21 2956,08 2973,187 3012,146 3035,803 3049,399 3055,222 3091,266 3127,114 3156,467 3196,685 3235,808 3256,687 3236,562 3221,852 3214,082 3217,07 3220,977 3230,587 3203,629 3181,955 3160,318 3156,58 3155,372 3155,14 3153,763 3135,695 3125,649 3107,473 3090,223 3056,805 3039,536 3028,605 3023,226 3012,866 3005,265 3000,522 2995,13 2982,417 2971,023 2961,43 2943,274 2929,837 2920,776 2915,134 2899,232 2882,207 2863,339 2845,73 2818,017 2786,83 2759,976 2737,249 2717,273 2697,967 2687,56 2680,974 2680,708 2682,849 2685,599 2679,004 2671,013
2944,438 2961,794 2990,679 2997,888 3028,785 3052,328 3064,293 3068,939 3112,065 3153,75 3179,514 3212,883 3249,68 3239,626 3214,588 3193,535 3191,246 3199,633 3206,356 3212,445 3184,005 3170,139 3152,852 3140,296 3133,605 3134,396 3135,473 3118,007 3105,65 3088,366 3079,064 3057,028 3041,501 3033,079 3028,115 3017,141 3007,776 3000,267 2995,175 2988,199 2973,676 2955,431 2947,859 2932,978 2928,043 2919,414 2904,239 2884,333 2865,313 2839,056 2807,073 2776,348 2749,151 2726,244 2706,936 2693,773 2686,407 2691,404 2689,813 2694,903 2695,088 2687,146 2680,974
2972,714 3001,967 3022,462 3025,66 3046,323 3066,868 3078,311 3083,657 3126,324 3167,282 3208,327 3243,366 3262,608 3226,795 3191,716 3177,401 3167,401 3173,284 3185,866 3183,256 3169,347 3150,489 3143,671 3127,297 3120,459 3116,217 3115,697 3105,668 3093,108 3080,074 3075,296 3058,988 3041,289 3029,557 3025,498 3017,283 3010,319 3004,004 2994,796 2987,439 2971,345 2955,106 2944,741 2939,748 2932,932 2921,465 2905,531 2879,135 2850,624 2820,596 2788,079 2762,18 2735,336 2716,303 2700,611 2692,485 2700,372 2699,451 2701,983 2706,195 2704,37 2695,334 2688,07
