rofental/data/rofental/dem_rofental_100.asc
ncols         322
nrows         225
xllcorner     622802,488
yllcorner     5178049,379
cellsize      100
NODATA_value  -9999
[rows 0 to 27 of 225, columns 63 to 125 of 322]
2775,122 2811,26 2797,525 2791,633 2793,758 2800,313 2812,11 2844,907 2817,903 2719,696 2646,764 2612,07 2604,679 2610,228 2625,978 2619,485 2591,644 2555,619 2527,981 2476,947 2420,014 2369,474 2321,494 2251,646 2178,123 2132,977 2081,696 2035,536 1976,512 1914,964 1860,635 1812,366 1760,625 1759,509 1759,495 1759,49 1803,982 1872,941 1937,324 1987,364 2036,997 2085,396 2108,3 2133,19 2168,723 2213,241 2253,859 2296,72 2358,127 2447,316 2520,392 2553,963 2566,549 2552,47 2582,896 2621,054 2662,049 2712,94 2755,046 2825,321 2922,635 2999,676 3068,721
2822,481 2861,551 2866,202 2863,935 2862,846 2872,937 2857,685 2828,894 2764,322 2684,001 2611,58 2576,418 2576,037 2571,95 2571,669 2558,91 2528,491 2494,172 2480,898 2451,138 2403,355 2351,036 2309,645 2246,038 2171,066 2120,938 2073,727 2024,523 1974,382 1909,342 1851,799 1806,635 1760,386 1759,495 1759,49 1760,944 1805,071 1862,664 1905,86 1965,62 2027,022 2074,973 2102,994 2120,083 2140,012 2163,121 2202,029 2262,599 2329,445 2395,872 2463,133 2506,338 2532,552 2542,61 2559,489 2593,77 2645,436 2722,874 2786,73 2867,942 2967,309 3012,32 3019,434
2871,612 2913,124 2948,028 2943,501 2936,584 2912,083 2854,134 2824,166 2733,681 2644,533 2592,764 2559,469 2550,891 2545,467 2527,856 2517,605 2482,606 2438,68 2415,846 2404,995 2391,367 2359,825 2321,206 2258,017 2177,928 2105,731 2060,767 2022,051 1969,008 1907,956 1858,562 1811,01 1759,49 1759,49 1759,482 1764,599 1806,086 1848,291 1890,92 1935,578 1998,731 2061,042 2108,031 2129,681 2141,588 2157,171 2195,598 2253,988 2328,742 2398,31 2447,631 2481,223 2505,166 2527,338 2547,698 2585,924 2662,954 2742,739 2820,203 2907,259 2973,055 2974,518 2997,552
2937,629 2966,911 2998,665 2972,802 2971,65 2948,851 2880,571 2829,127 2727,697 2638,397 2582,932 2546,382 2528,801 2518,594 2508,146 2500,149 2464,846 2410,848 2381,235 2371,537 2354,003 2338,925 2319,417 2256,584 2182,357 2107,161 2054,427 2000,228 1949,815 1891,137 1848,05 1801,687 1759,49 1759,478 1759,474 1762,783 1800,633 1845,872 1891,907 1932,385 1982,39 2046,708 2094,853 2127,914 2142,275 2159,507 2214,963 2286,61 2353,545 2404,579 2440,287 2475,613 2497,427 2523,228 2561,257 2602,287 2650,713 2709,963 2785,886 2875,165 2937,787 2957,239 2963,165
2903,996 2922,283 2959,784 2898,552 2889,811 2921,403 2906,719 2838,05 2727,093 2640,98 2584,607 2544,75 2520,518 2512,744 2494,417 2480,476 2464,893 2436,905 2393,39 2370,828 2351,594 2319,525 2284,323 2235,779 2167,172 2102,984 2039,407 1977,034 1927,605 1885,803 1842,638 1792,753 1759,474 1759,474 1759,474 1761,162 1797,395 1851,125 1900,018 1939,113 1977,505 2033,432 2081,027 2130,829 2148,313 2169,162 2225,143 2301,153 2372,815 2409,699 2441,559 2474,339 2505,625 2549,826 2596,735 2631,572 2676,583 2730,542 2808,254 2898,058 2915,258 2909,482 2895,186
2832,647 2859,835 2927,066 2854,814 2816,186 2855,755 2892,116 2815,542 2719,609 2641,874 2599,024 2560,37 2533,712 2508,799 2479,884 2467,033 2455,296 2438,462 2424,024 2383,86 2344,578 2313,595 2263,171 2198,418 2137,951 2090,126 2043,222 1994,186 1937,55 1902,462 1850,784 1792,864 1759,474 1759,474 1759,474 1759,81 1798,98 1859,323 1907,792 1937,912 1970,585 2009,543 2059,053 2116,233 2155,244 2181,056 2228,349 2300,582 2367,217 2405,198 2460,566 2511,486 2568,286 2608,791 2638,121 2677,88 2728,597 2795,818 2866,763 2878,143 2857,147 2853,448 2852,658
2789,595 2811,287 2886,672 2833,302 2771,064 2797,85 2853,108 2803,602 2721,962 2649,424 2603,135 2585,111 2576,944 2523,539 2497,209 2469,789 2455,706 2450,476 2438,26 2381,395 2340,646 2296,726 2236,033 2156,11 2105,079 2079,216 2047,695 1999,914 1945,531 1905,13 1865,737 1799,468 1759,474 1759,474 1759,464 1759,455 1795,738 1859,063 1914,26 1937,838 1965,207 2004,33 2051,115 2114,046 2162,638 2198,214 2239,547 2298,137 2370,977 2420,829 2468,266 2519,687 2556,717 2589,999 2627,611 2714,281 2785,859 2856,74 2902,682 2841,432 2817,659 2819,564 2816,682
2763,812 2771,959 2824,211 2819,117 2753,729 2752,003 2796,129 2795,6 2729,385 2666,033 2634,258 2610,178 2614,565 2577,592 2543,947 2487,313 2478,604 2500,521 2459,444 2404,051 2365,133 2305,216 2211,88 2150,153 2122,068 2092,45 2048,328 1988,124 1944,633 1916,281 1875,237 1810,337 1759,472 1759,462 1759,458 1759,455 1785,422 1845,059 1900,981 1932,509 1959,568 2008,312 2052,51 2109,875 2168,75 2220,323 2257,762 2301,469 2359,541 2432,961 2474,09 2526,706 2561,07 2589,038 2636,265 2703,284 2777,031 2859,693 2906,374 2832,72 2799,148 2795,631 2781,245
2757,109 2762,82 2773,101 2754,717 2718,49 2713,565 2722,134 2773,327 2735,896 2698,692 2671,353 2664,283 2664,943 2634,041 2587,255 2540,357 2520,618 2532,679 2493,704 2439,748 2376,464 2305,443 2210,351 2154,031 2120,084 2090,709 2037,937 1979,964 1945,581 1912,417 1872,058 1803,459 1760,708 1759,46 1759,456 1759,451 1776,969 1826,938 1886,978 1922,39 1967,512 2016,746 2065,812 2107,457 2171,434 2224,453 2273,552 2323,073 2379,763 2444,61 2502,837 2546,806 2589,495 2610,835 2657,969 2730,763 2790,295 2873,351 2901,147 2822,75 2800,942 2792,154 2788,64
2750,771 2746,539 2733,346 2691,544 2675,894 2660,481 2673,011 2718,124 2762,411 2745,338 2719,574 2716,822 2715,283 2657,271 2609,469 2584,834 2559,28 2516,056 2478,743 2421,583 2352,924 2273,436 2213,881 2166,617 2125,999 2083,149 2025,931 1978,496 1948,605 1913,01 1865,928 1807,112 1766,767 1759,453 1759,451 1759,448 1770,559 1818,219 1869,185 1913,536 1962,562 2022,515 2066,275 2108,721 2173,904 2226,38 2284,099 2336,34 2406,368 2475,802 2548,46 2602,846 2652,736 2680,349 2718,274 2789,602 2822,324 2820,389 2825,631 2801,467 2790,563 2780,641 2793,497
2723,606 2716,654 2702,254 2666,795 2648,38 2642,292 2651,122 2667,616 2702,744 2734,023 2736,648 2742,436 2724,455 2674,947 2632,765 2613,921 2570,565 2507,487 2459,803 2401,52 2334,325 2272,325 2222,117 2170,379 2123,867 2074,109 2009,72 1973,819 1950,385 1912,094 1861,262 1814,078 1763,318 1759,451 1759,448 1759,441 1762,712 1815,257 1865,512 1917,907 1963,67 2023,033 2057,718 2108,682 2173,008 2242,517 2313,53 2375,335 2449,392 2527,034 2589,693 2637,711 2693,54 2737,513 2760,302 2769,658 2755,823 2738,325 2733,431 2739,359 2740,382 2766,282 2782,998
2706,742 2699,467 2694,241 2690,668 2654,895 2632,046 2633,683 2626,875 2628,998 2673,16 2694,704 2701,113 2690,44 2644,123 2598,794 2574,832 2549,909 2507,722 2467,903 2420,411 2362,229 2294,298 2207,424 2149,882 2100,87 2044,586 1995,868 1977,38 1948,671 1916,246 1868,204 1811,253 1759,451 1759,446 1759,441 1759,441 1759,434 1803,124 1859,388 1926,041 1979,296 2036,363 2058,939 2106,73 2183,839 2276,75 2356,994 2426,895 2488,784 2524,974 2553,73 2590,453 2645,277 2685,906 2699,953 2694,751 2675,599 2675,317 2690,388 2728,779 2737,816 2761,703 2754,96
2647,669 2660,763 2660,9 2668,668 2662,337 2618,859 2608,693 2598,813 2595,558 2611,454 2628,971 2635,051 2629,019 2606,306 2578,902 2556,774 2527,927 2496,159 2466,333 2423,182 2366,825 2287,859 2201,421 2133,872 2075,225 2027,052 1997,592 1976,671 1942,517 1909,652 1861,89 1796,431 1759,444 1759,441 1759,438 1759,431 1759,431 1779,978 1841,784 1894,22 1966,34 2031,859 2088,112 2134,682 2213,344 2285,5 2360,712 2397,411 2447,415 2494,553 2516,195 2530,335 2568,616 2603,591 2624,052 2620,183 2614,131 2615,289 2638,626 2690,081 2686,076 2706,377 2734,511
2604,908 2612,415 2629,143 2654,355 2644,04 2620,009 2587,769 2573,601 2571,038 2576,897 2578,495 2583,489 2583,281 2579,892 2566,422 2547,399 2517,644 2479,265 2448,825 2407,714 2353,105 2278,815 2205,99 2141,837 2079,838 2018,797 2003,296 1980,945 1940,892 1904,757 1853,201 1794,083 1759,441 1759,438 1759,431 1759,431 1759,424 1760,097 1805,694 1876,699 1955,724 2047,076 2109,233 2169,831 2225,847 2281,815 2311,204 2340,728 2389,543 2427,358 2460,292 2488,906 2509,49 2529,728 2556,695 2570,951 2570,138 2575,055 2604,368 2651,758 2663,749 2694,847 2725,607
2600,955 2604,814 2614,609 2618,764 2590,458 2568,918 2548,596 2556,695 2554,462 2557,6 2556,054 2555,733 2553,734 2549,745 2538,843 2507,019 2481,636 2455,229 2422,899 2388,386 2341,257 2274,828 2192,538 2130,103 2072,785 2034,135 2014,942 1983,536 1937,231 1893,44 1843,837 1777,136 1759,434 1759,431 1759,428 1759,424 1759,421 1761,76 1820,379 1899,645 1980,241 2065,281 2122,327 2179,47 2235,614 2269,765 2292,26 2324,642 2358,107 2388,067 2417,946 2459,822 2496,377 2517,846 2532,294 2539,799 2557,22 2586,235 2625,636 2654,983 2675,323 2689,791 2703,637
2628,037 2610,047 2600,923 2572,637 2542,1 2524,625 2522,337 2528,293 2538,093 2534,891 2518,342 2511,223 2513,257 2491,718 2473,411 2454,913 2432,35 2413,659 2387,9 2362,549 2321,687 2261,701 2178,849 2111,794 2072,271 2047,14 2021,244 1985,702 1937,052 1877,263 1821,535 1762,843 1759,431 1759,426 1759,421 1759,421 1759,417 1767,275 1836,756 1922,09 2002,896 2081,146 2140,836 2197,492 2244,077 2272,13 2288,956 2307,192 2334,094 2377,754 2419,229 2471,922 2499,554 2513,593 2525,103 2547,629 2590,383 2619,365 2620,273 2625,185 2642,32 2652,036 2678,413
2650,091 2631,932 2608,084 2552,107 2521,475 2504,956 2494,158 2500,889 2506,306 2500,382 2484,5 2471,498 2462,615 2443,889 2418,322 2393,016 2362,747 2345,779 2329,741 2311,81 2275,168 2224,519 2182,669 2128,521 2082,211 2047,165 2014,853 1971,975 1914,857 1847,552 1781,068 1759,431 1759,424 1759,421 1759,421 1759,414 1759,412 1772,638 1848,941 1928,048 2029,443 2108,007 2170,203 2228,996 2279,909 2312,861 2329,718 2334,991 2336,558 2352,791 2404,618 2466,168 2490,795 2510,97 2513,198 2537,271 2573,271 2599,548 2602,105 2613,094 2626,125 2643,029 2686,545
2706,486 2652,506 2591,326 2557,122 2515,058 2482,488 2465,144 2469,047 2471,07 2470,583 2459,65 2437,917 2415,769 2385,767 2353,424 2324,483 2295,049 2268,073 2257,454 2241,286 2212,161 2190,415 2172,779 2137,87 2090,782 2048,056 1999,261 1938,804 1872,391 1804,677 1762,252 1759,424 1759,421 1759,419 1759,412 1759,412 1759,408 1776,547 1856,844 1942,349 2033,271 2118,83 2188,354 2247,829 2308,025 2349,839 2373,118 2366,931 2359,968 2358,393 2376,91 2435,567 2474,733 2501,344 2513,876 2528,155 2552,706 2572,332 2584,693 2603,941 2622,367 2641,881 2687,315
2692,787 2683,95 2641,868 2555,693 2497,284 2457,422 2450,019 2441,339 2436,753 2429,157 2408,472 2381,168 2347,972 2322,206 2287,281 2251,85 2229,065 2216,232 2207,529 2195,479 2173,686 2155,821 2133,322 2097,006 2064,323 2033,51 1978,42 1912,41 1851,662 1784,391 1759,422 1759,421 1759,417 1759,412 1759,412 1759,401 1759,398 1790,149 1865,827 1947,469 2032,177 2117,077 2195,904 2258,113 2326,393 2377,07 2389,196 2388,261 2380,036 2376,28 2380,688 2406,074 2436,527 2466,27 2500,216 2517,989 2541,1 2560,942 2580,77 2604,976 2629,127 2651,457 2686,211
2599,187 2593,978 2594,065 2555,292 2489,525 2446,945 2423,007 2407,927 2399,759 2383,834 2361,408 2337,288 2294,31 2262,33 2228,491 2195,747 2175,589 2166,116 2158,909 2150,511 2132,829 2112,889 2092,723 2071,321 2048,641 2023,02 1961,348 1894,291 1836,555 1778,281 1759,421 1759,417 1759,412 1759,411 1759,401 1759,398 1759,398 1803,825 1879,474 1958,001 2048,299 2113,258 2182,267 2264,388 2348,197 2417,782 2451,07 2433,093 2411,552 2405,021 2406,423 2417,231 2432,619 2466,444 2512,405 2531,808 2549,061 2567,832 2591,822 2622,91 2654,036 2683,121 2704,931
2558,431 2549,765 2536,866 2501,851 2465,601 2433,957 2399,746 2384,326 2363,453 2340,143 2315,449 2278,702 2237,705 2209,156 2185,93 2171,966 2161,728 2154,516 2145,532 2128,849 2112,722 2104,091 2093,592 2082,198 2070,323 2046,466 1988,432 1917,625 1850,862 1782,437 1759,414 1759,412 1759,408 1759,398 1759,398 1759,396 1760,534 1824,582 1906,736 1979,913 2066,956 2153,339 2215,313 2294,878 2387,681 2475,217 2527,095 2500,237 2457,738 2450,018 2449,475 2451,675 2464,161 2482,457 2514,961 2547,981 2570,884 2590,085 2611,191 2644,467 2684,718 2721,698 2751,457
2550,705 2530,606 2501,629 2461,92 2431,468 2397,24 2372,869 2350,555 2321,385 2283,15 2253,489 2222,574 2204,093 2198,039 2195,822 2193,734 2191,689 2186,622 2186,104 2172,885 2149,601 2129,022 2114,923 2106,376 2087,824 2048,374 1984,395 1917,73 1862,704 1792,044 1759,412 1759,408 1759,398 1759,398 1759,393 1759,391 1771,669 1854,874 1931,182 2005,163 2093,019 2206,299 2270,544 2345,326 2437,991 2529,415 2599,079 2569,43 2520,708 2507,233 2502,809 2496,957 2500,488 2512,757 2534,661 2567,426 2599,483 2627,162 2647,24 2676,175 2718,56 2765,361 2803,07
2537,369 2500,02 2458,515 2421,17 2383,073 2348,717 2319,64 2296,634 2262,459 2237,596 2225,117 2226,901 2225,328 2221,564 2220,524 2223,29 2227,468 2225,105 2209,837 2196,762 2179,356 2165,346 2161,655 2153,431 2129,869 2074,263 1994,977 1927,199 1856,003 1788,437 1759,401 1759,398 1759,398 1759,393 1759,391 1759,388 1793,478 1861,14 1941,094 2025,365 2122,577 2232,006 2298,879 2370,799 2456,863 2529,557 2613,114 2630,17 2599,865 2577,625 2573,066 2561,471 2546,266 2548,562 2559,501 2594,291 2630,151 2666,238 2699,965 2726,9 2780,435 2832,853 2864,951
2520,244 2505,336 2457,284 2393,612 2348,092 2310,523 2284,412 2254,613 2237,145 2240,965 2249,814 2261,347 2262,67 2256,564 2260,021 2262,341 2272,956 2264,918 2254,407 2244,072 2233,343 2233,062 2239,317 2220,283 2183,677 2114,332 2037,546 1955,625 1870,897 1799,256 1759,398 1759,396 1759,391 1759,391 1759,385 1770,578 1823,645 1907,912 1968,529 2050,534 2148,042 2220,287 2283,663 2351,412 2423,532 2488,415 2562,551 2634,142 2678,422 2656,8 2651,314 2635,438 2610,333 2593,633 2596,908 2627,454 2666,685 2706,497 2751,405 2805,13 2865,211 2917,411 2939,221
2493,845 2464,741 2443,692 2379,726 2322,718 2281,164 2255,261 2244,078 2256,85 2271,974 2285,203 2302,294 2305,451 2300,535 2307,635 2310,449 2324,483 2316,298 2314,539 2308,281 2305,308 2303,869 2300,527 2270,403 2228,72 2149,066 2064,396 1969,403 1883,659 1806,212 1759,396 1759,391 1759,391 1759,383 1759,38 1779,245 1850,908 1927,564 2008,367 2071,167 2151,157 2215,037 2286,659 2362,529 2453,543 2521,655 2586,904 2653,98 2718,014 2726,53 2719,399 2704,729 2677,422 2655,132 2650,92 2679,896 2723,817 2757,546 2801,137 2859,263 2912,799 2992,021 3018,671
2464,03 2416,682 2375,074 2323,783 2282,266 2265,054 2262,749 2270,671 2290,392 2312,588 2328,589 2343,973 2354,238 2348,439 2363,088 2363,786 2384,813 2378,781 2386,641 2386,891 2388,365 2376,715 2333,243 2287,557 2234,2 2159,051 2072,777 1980,004 1894,88 1811,23 1760,823 1759,388 1759,383 1759,38 1759,377 1781,708 1854,216 1926,547 2007,587 2083,653 2167,448 2234,075 2308,771 2380,794 2463,684 2543,925 2621,046 2689,778 2749,123 2784,163 2787,192 2776,55 2742,915 2729,559 2722,205 2753,721 2790,392 2829,852 2861,803 2911,361 2983,635 3042,131 3105,738
2436,952 2377,247 2334,526 2297,473 2291,054 2297,337 2302,135 2314,285 2335,189 2357,485 2381,271 2390,937 2409,78 2416,501 2427,679 2458,377 2459,728 2477,804 2470,699 2475,568 2442,586 2377,448 2326,113 2284,145 2225,567 2149,092 2063,183 1978,89 1899,092 1825,728 1767,609 1759,38 1759,38 1759,373 1760,326 1805,477 1869,847 1940,897 2009,709 2090,06 2169,027 2231,906 2291,904 2375,311 2461,4 2545,515 2621,39 2687,295 2750,04 2800,557 2845,104 2843,403 2818,075 2804,647 2800,756 2815,853 2834,363 2875,439 2920,426 2970,462 3058,951 3103,925 3149,879
2412,069 2352,122 2312,014 2312,5 2330,577 2342,417 2350,138 2360,306 2390,268 2403,701 2435,038 2466,389 2481,462 2500,608 2517,061 2543,947 2536,166 2572,545 2564,861 2531,334 2459,465 2385,422 2320,659 2256,072 2198,451 2130,046 2063,677 1981,232 1899,645 1828,074 1766,442 1759,38 1759,373 1759,37 1766,981 1817,024 1885,348 1980,932 2046,048 2107,684 2173,244 2230,615 2297,848 2394,439 2467,787 2536,611 2584,205 2659,286 2716,725 2795,786 2873,205 2871,44 2841,808 2803,58 2768,61 2743,323 2752,907 2801,991 2867,677 2964,267 3035,112 3064,402 3103,155
