rofental/data/rofental/dem_rofental_50.asc
ncols         644
nrows         451
xllcorner     622802,488
yllcorner     5177999,379
cellsize      50
NODATA_value  -9999
[rows 56 to 83 of 451, columns 441 to 503 of 644]
2796,629 2798,031 2797,601 2800,709 2822,357 2842,382 2871,785 2899,729 2906,119 2918,78 2931,829 2962,775 3023,253 3020,988 3013,501 3002,64 3000,537 2997,951 3013,639 3031,782 3048,545 3062,013 3076,217 3100,099 3139,5 3223,487 3204,498 3190,399 3175,93 3166,242 3157,741 3149,05 3136,607 3122,698 3108,069 3093,293 3076,803 3060,973 3048,738 3039,95 3034,517 3025,263 3011,827 2995,807 2981,665 2967,272 2956,062 2943,672 2932,938 2937,594 2927,943 2903,905 2888,538 2861,58 2856,042 2853,688 2860,541 2844,603 2823,261 2798,46 2794,281 2789,235 2788,454
2798,088 2802,565 2804,83 2804,147 2810,552 2826,014 2836,555 2860,582 2877,336 2888,712 2910,054 2931,932 2963,522 2976,616 2982,895 2988,774 2985,755 2988,218 3004,754 3020,593 3035,446 3050,556 3066,924 3091,539 3146,5 3184,552 3214,383 3199,569 3184,78 3178,749 3168,564 3157,657 3143,935 3126,884 3107,822 3087,157 3063,213 3045,917 3039,194 3034,857 3030,048 3022,479 3010,354 2998,219 2987,266 2972,168 2960,18 2947,955 2934,15 2919,621 2907,733 2891,007 2871,149 2832,41 2815,642 2822,311 2824,49 2825,53 2807,244 2778,007 2763,356 2755,988 2758,934
2798,44 2802,643 2807,212 2811,157 2811,161 2818,197 2820,92 2834,948 2853,63 2874,271 2892,136 2903,92 2919,604 2940,531 2958,713 2965,734 2974,876 2980,224 2997,053 3011,814 3026,575 3043,581 3061,826 3086,966 3148,899 3217,156 3239,051 3233,442 3201,605 3192,231 3182,536 3168,786 3151,527 3131,554 3107,467 3080,09 3054,755 3044,509 3039,133 3035,058 3030,385 3020,92 3008,648 2995,542 2985,958 2975,125 2961,47 2949,557 2934,741 2912,689 2897,992 2875,65 2851,355 2815 2795,525 2796,941 2793,748 2791,282 2793,687 2789,038 2760,012 2742,186 2738,659
2800,053 2803,474 2809,136 2813,839 2818,503 2821,353 2825,186 2828,667 2840,712 2849,047 2864,51 2880,334 2894,652 2906,006 2941,5 2949,708 2960,978 2978,73 2995,263 3008,295 3022,358 3038,68 3057,257 3089,382 3158,802 3241,066 3299,885 3249,736 3220,393 3204,216 3199,566 3191,995 3166,059 3138,955 3109,23 3078,882 3053,737 3044,931 3039,262 3033,66 3027,331 3018,4 3007,727 2995,563 2984,858 2973,419 2957,374 2938,447 2917,943 2895,931 2887,739 2869,146 2843,947 2807,108 2791,164 2786,952 2782,602 2768,234 2759,288 2766,388 2770,28 2739,573 2725,79
2804,411 2806,958 2811,69 2817,657 2822,783 2827,007 2832,045 2836,153 2840,888 2846,528 2846,528 2866,94 2888,43 2907,313 2928,363 2945,357 2961,348 2979,393 2994,587 3006,998 3019,392 3034,368 3055,256 3093,804 3185,668 3240,383 3299,234 3262,665 3222,732 3203,405 3192,831 3195,118 3176,419 3154,284 3125,085 3087,43 3060,678 3050,225 3042,823 3034,709 3025,987 3016,032 3006,138 2995,573 2983,489 2970,354 2955,746 2937,396 2913,162 2887,118 2865,147 2849,207 2825,777 2809,458 2792,997 2778,335 2769,087 2761,045 2752,529 2737,71 2751,5 2735,546 2709,476
2810,872 2812,447 2819,749 2824,981 2829,363 2833,535 2837,811 2840,249 2843,225 2849,123 2857,386 2870,06 2889,149 2908,095 2926,647 2946,614 2965,448 2981,279 2994,157 3004,921 3016,552 3031,798 3053,157 3100,275 3194,244 3235,365 3257,455 3227,286 3184,273 3165,783 3168,896 3170,325 3152,019 3144,007 3133,655 3111,292 3073,794 3058,763 3048,899 3038,38 3026,901 3016,642 3006,458 2995,165 2982,063 2967,865 2952,438 2938,674 2912,739 2880,202 2856,631 2844,096 2836,842 2831,688 2818,854 2799,554 2784,032 2758,01 2745,016 2723,345 2717,102 2714,6 2700,122
2816,857 2822,746 2830,546 2835,143 2838,969 2841,139 2845,048 2847,481 2849,534 2854,928 2859,47 2870,689 2891,38 2911,512 2931,046 2950,353 2968,409 2982,736 2993,802 3004,177 3016,218 3032,471 3063,607 3131,383 3184,782 3212,815 3237,616 3190,993 3157,875 3129,009 3123,76 3120,513 3101,939 3087,38 3079,696 3094,961 3097,819 3070,92 3059,259 3049,445 3036,72 3024,929 3011,513 2998,531 2983,524 2965,829 2944,392 2914,445 2890,245 2868,792 2855,459 2842,734 2828,468 2817,095 2812,729 2791,514 2776,334 2741,957 2723,541 2704,396 2696,735 2686,46 2680,435
2824,676 2831,533 2840,084 2845,521 2848,577 2849,648 2853,093 2855,003 2856,805 2859,243 2860,846 2873,67 2892,832 2911,199 2930,827 2952,299 2971,503 2985,488 2998,005 3008,654 3021,901 3038,154 3055,521 3103,248 3136,238 3182,912 3211,956 3180,819 3138,327 3108,86 3106,623 3087,47 3064,444 3053,862 3050,872 3046,583 3058,274 3076,219 3078,059 3068,842 3055,759 3044,515 3029,324 3013,425 2996,419 2974,369 2944,801 2910,755 2887,297 2864,684 2854,996 2835,577 2811,691 2800,308 2791,499 2772,054 2754,354 2729,794 2710,115 2706,972 2688,161 2670,191 2657,629
2831,228 2837,97 2846,807 2854,031 2858,639 2858,664 2861,058 2861,816 2862,717 2862,333 2863,113 2873,818 2890,782 2907,72 2927,908 2953,034 2973,494 2988,737 3006,49 3013,315 3031,434 3040,472 3061,899 3079,165 3114,14 3168,168 3188,157 3147,368 3119,448 3079,43 3083,605 3068,127 3042,094 3033,586 3030,719 3020,865 3023,539 3037,225 3039,94 3053,323 3111,68 3095,15 3065,512 3056,85 3042,71 3016,587 2991,831 2951,042 2909,417 2887,718 2873,385 2844,833 2822,369 2811,065 2794,882 2776,404 2754,405 2738,563 2721,223 2701,824 2685,599 2668,615 2642,298
2840,14 2844,976 2853,6 2858,79 2867,764 2868,709 2869,271 2868,832 2867,604 2864,635 2865,603 2879,42 2898,293 2917,488 2938,484 2961,083 2984,338 3005,625 3031,115 3071,48 3087,461 3070,163 3073,088 3090,409 3127,594 3166,354 3151,276 3106,008 3067,573 3049,172 3041,266 3044,734 3032,882 3028,521 3016,188 3005,021 3014,437 3015,964 3011,174 3006,99 3051,262 3059,959 3085,533 3097,293 3087,057 3048,852 3009,01 2968,449 2933,539 2906,782 2890,243 2872,881 2859,604 2841,109 2812,875 2785,09 2761,521 2739,918 2719,01 2697,524 2674,431 2659,339 2637,882
2853,407 2860,773 2861,796 2867,432 2874,573 2878,072 2877,596 2873,636 2870,516 2869,962 2873,502 2889,322 2909,706 2927,218 2967,215 3007,543 3022,793 3044,256 3065,034 3088,759 3120,273 3114,397 3108,718 3106,419 3100,919 3121,406 3142,841 3105,216 3052,684 3026,705 3015,005 3014,938 3013,716 3009,352 2999,192 2990,407 2993,451 2995,077 3002,511 2989,51 2984,188 3008,561 3029,397 3059,35 3071,094 3074,398 3041,418 2965,207 2936,063 2918,458 2901,3 2890,212 2870,463 2845,704 2825,243 2800,659 2785,788 2755,648 2725,419 2695,679 2664,917 2636,264 2627,104
2870,393 2876,011 2882,096 2879,761 2886,232 2883,069 2882,426 2876,338 2874,364 2874,57 2882,896 2900,709 2920,836 2941,026 2996,316 3038,714 3073,776 3088,784 3097,867 3124,538 3142,966 3100,23 3069,187 3061,317 3070,104 3085,887 3102,728 3104,806 3045,648 3013,234 3004,157 3002,001 3004,56 2991,641 2975,811 2964,013 2964,251 2966,071 2970,616 2972,914 2963,151 2971,766 2994,703 3028,218 3072,944 3091,977 3062,779 2985,41 2945,652 2928,807 2920,99 2918,711 2900,983 2879,248 2832,454 2802,611 2779,27 2762,292 2745,349 2725,586 2668,413 2634,468 2605,433
2884,244 2881,24 2883,086 2884,842 2891,595 2889,249 2886,184 2880,742 2879,171 2880,941 2894,538 2911,935 2930,263 2952,931 2993,973 3047,022 3082,3 3121,71 3145,975 3138,757 3100,927 3067,07 3046,129 3029,901 3034,787 3048,977 3065,386 3074,248 3032,376 3014,101 2995,116 2995,81 2986,119 2975,652 2965,741 2960,15 2953,738 2954,265 2953,804 2949,888 2936,647 2934,181 2958,717 2997,12 3045,318 3077,354 3067,121 3023,801 2968,378 2956,509 2955,803 2952,976 2917,925 2884,8 2844,981 2813,648 2794,151 2771,179 2742,021 2711,702 2662,658 2618,027 2593,177
2893,19 2886,552 2893,273 2898,218 2897,488 2893,872 2890,508 2885,907 2886,146 2891,872 2906,677 2921,644 2939,656 2967,643 2998,497 3036,602 3079,69 3139,155 3162,93 3118,275 3069,841 3042,318 3019,541 3012,244 3013,391 3013,892 3023,783 3027,041 3008,609 2996,875 2990,099 2981,548 2982,415 2968,934 2956,744 2940,363 2933,691 2934,075 2943,138 2942,357 2925,654 2916,951 2934,56 2972,216 3014,454 3067,41 3071,194 3042,042 3015,448 3007,161 3008,435 2977,726 2924,212 2898,129 2840,488 2809,007 2795,854 2770,299 2738,722 2704,429 2670,623 2627,565 2578,554
2900,494 2894,521 2896,867 2899,116 2896,106 2895,391 2894,585 2893,338 2898,084 2908,377 2920,293 2934,463 2956,083 2985,248 3020,226 3045,447 3087,347 3128,492 3156,842 3107,093 3056,943 3022,052 3001,531 2994,014 2993,847 3002,259 3001,196 3001,011 2999,728 2986,416 2970,49 2961,376 2966,6 2952,729 2937,855 2935,164 2915,628 2906,872 2914,273 2926,606 2927,144 2908,783 2920,523 2958,063 3013,844 3038,898 3052,355 3058,133 3045,231 3035,488 3025,526 3000,245 2967,314 2922,689 2859,69 2829,724 2788,792 2767,025 2733,697 2695,668 2660,503 2621,661 2589,063
2903,427 2899,009 2899,507 2899,798 2897,827 2897,401 2899,501 2903,374 2911,236 2919,127 2929,98 2940,847 2957,579 2982,719 3023,042 3043,014 3072,338 3110,757 3144,048 3096,461 3048,37 3014,672 2989,56 2980,717 2975,636 2988,374 2989,238 2986,517 2985,644 2967,448 2949,421 2941,997 2945,325 2938,43 2920,898 2920,891 2900,758 2895,961 2904,948 2908,941 2928,739 2918,257 2908,362 2911,234 2957,393 2968,593 3007,146 3032,374 3048,006 3021,086 2997,806 2961,26 2953,09 2933,167 2896,707 2866,441 2831,46 2786,225 2735,603 2693,636 2661,957 2621,502 2584,159
2907,664 2906,445 2905,393 2902,438 2899,493 2900,472 2905,628 2911,657 2918,839 2924,941 2933,993 2944,254 2957,774 2975,963 3003,134 3035,99 3054,623 3089,595 3130,281 3096,536 3042,838 3018,48 2987,278 2973,37 2964,606 2963,455 2980,395 2966,989 2974,688 2977,571 2953,415 2930,85 2926,398 2921,856 2906,46 2895,03 2878,893 2880,621 2893,468 2901,658 2908,69 2906,092 2897,43 2895,938 2910,874 2938,78 2957,882 3005,493 3023,366 2991,077 2968,218 2948,385 2924,986 2918,857 2903,67 2887,4 2853,922 2798,602 2757,583 2703,027 2664,399 2625,198 2588,785
2912,784 2913,198 2913,394 2910,707 2907,041 2907,55 2913,137 2918,042 2924,382 2930,159 2934,122 2941,452 2959,928 2979,679 2998,466 3018,252 3037,615 3064,807 3114,543 3074,447 3032,592 3004,825 2982,747 2966,471 2956,583 2947,948 2963,658 2952,8 2952,462 2959,928 2967,959 2947,858 2918,414 2913,248 2899,193 2884,549 2867,424 2869,45 2882,589 2891,251 2894,092 2895,599 2893,455 2885,699 2889,496 2898,835 2930,538 2982,731 3013,698 2989,543 2965,15 2948,698 2928,407 2909,867 2890,715 2864,484 2847,415 2816,56 2772,427 2724,322 2676,111 2637,209 2600,992
2915,315 2917,508 2920,414 2921,146 2919,986 2918,71 2924,457 2927,743 2931,625 2934,253 2936,977 2941,994 2961,997 2985,929 3006,783 3023,819 3040,548 3058,09 3101,987 3087,294 3030,31 3001,377 2983,86 2963,935 2951,343 2941,65 2934,651 2945,104 2939,991 2940,887 2953,7 2945,97 2911,244 2897,062 2883,931 2868,575 2850,45 2855,92 2869,194 2872,773 2876,24 2881,109 2887,046 2882,084 2869,921 2867,922 2911,24 2955,288 3000,235 2984,503 2957,282 2927,397 2907,289 2884,971 2862,878 2850,74 2827,595 2790 2758,363 2734,58 2701,429 2662,55 2631,124
2915,939 2920,358 2926,373 2930,431 2932,575 2932,654 2935,031 2936,566 2937,754 2939,575 2939,427 2947,366 2963,798 2989,71 3012,597 3032,497 3050,467 3067,266 3096,299 3101,075 3041,188 3011,198 2986,027 2963,01 2946,972 2930,912 2919,208 2920,436 2920,097 2923,336 2938,733 2915,628 2884,725 2866,769 2853,758 2850,011 2840,563 2845,2 2853,535 2864,711 2865,866 2869,233 2869,494 2870,701 2860,801 2854,855 2872,866 2926,452 2960,952 2979,024 2944,023 2913,898 2901,485 2851,205 2833,094 2830,669 2790,981 2751,33 2732,78 2723,878 2704,361 2692,623 2671,857
2917,894 2922,402 2930,775 2937,612 2941,275 2943,744 2944,578 2943,968 2944,905 2944,312 2948,96 2952,425 2969,167 2992,879 3017,06 3038,26 3057,17 3073,997 3096,402 3114,979 3065,232 3033,883 3007,695 2977,118 2947,97 2928,462 2917,606 2917,318 2904,306 2910,061 2923,051 2920,813 2880,038 2849,975 2836,468 2836,259 2832,031 2834,795 2838,727 2851,368 2860,49 2857,308 2850,467 2849,297 2853,98 2854,448 2855,186 2880,37 2911,664 2941,678 2959,155 2924,437 2886,763 2835,837 2810,283 2795,383 2775,772 2743,593 2724,323 2710,172 2696,986 2680,66 2664,661
2924,289 2929,804 2938,336 2945,299 2949,539 2952,168 2952,939 2953,333 2952,441 2953,076 2958,611 2963,605 2980,65 3008,377 3035,173 3061,488 3077,106 3091,245 3130,673 3129,825 3102,627 3065,017 3031,985 3002,085 2966,267 2932,816 2907,105 2891,808 2888,671 2892,398 2903,542 2910,125 2885,834 2851,229 2825,949 2819,485 2822,136 2829,245 2832,02 2836,034 2855,073 2850,571 2835,242 2837,938 2842,716 2841,475 2834,934 2844,459 2879,605 2919,122 2941,158 2892,56 2871,678 2819,469 2791,221 2774,273 2757,863 2739,85 2727,083 2705,837 2687,355 2672,534 2657,801
2932,5 2939,013 2947,033 2953,373 2956,916 2958,93 2960,26 2960,697 2961,343 2956,116 2965,893 2971,418 2989,148 3028,971 3072,889 3105,647 3117,038 3153,151 3182,514 3160,805 3140,301 3102,21 3072,357 3027,706 2980,585 2948,389 2917,519 2893,777 2894,745 2895,614 2887,988 2894,306 2885,36 2856,64 2832,622 2807,129 2810,056 2820,646 2830,489 2827,251 2838,822 2834,484 2811,751 2823,774 2825,68 2821,843 2824,939 2828,076 2856,413 2910,574 2928,702 2864,543 2840,204 2807,749 2794,873 2763,97 2735,658 2725,657 2720,049 2701,775 2681,358 2664,531 2655,705
2940,221 2948,378 2955,618 2961,074 2963,583 2964,928 2966,2 2966,505 2966,698 2970,742 2973,043 2979,54 2988,575 3052,24 3087,554 3131,149 3187,685 3205,667 3176,342 3161,603 3158,811 3139,91 3101,76 3057,877 3032,796 2993,617 2954,41 2913,375 2884,89 2886,224 2883,478 2881,352 2875,935 2860,107 2826,788 2806,863 2799,907 2808,928 2822,109 2823,491 2827,573 2815,546 2793,198 2806,094 2810,006 2810,839 2818,645 2830,204 2843,199 2901,71 2913,966 2872,832 2835,529 2800,154 2781,385 2747,119 2720 2708,308 2700,098 2691,648 2678,978 2667,229 2657,025
2950,263 2958,233 2964,391 2967,783 2969,173 2968,857 2971,455 2971,816 2972,629 2974,498 2977,856 2983,776 2995,368 3026,624 3070,744 3128,931 3176,723 3154,167 3129,677 3112,16 3111,251 3102,512 3069,833 3057,668 3060,419 3022,801 2974,397 2928,246 2905,623 2884,098 2880,98 2884,875 2870,714 2844,752 2817,375 2802,338 2793,857 2798,138 2810,484 2815,831 2823,278 2789,516 2785,655 2789,626 2794,948 2798,572 2800,474 2798,14 2830,262 2882,53 2884,418 2875,468 2818,448 2782,106 2761,85 2732,207 2712,828 2705,817 2695,443 2682,013 2670,141 2662,524 2651,125
2962,241 2968,074 2970,927 2971,48 2971,679 2973,105 2975,06 2975,364 2976,089 2977,988 2981,167 2987,938 3000,069 3015,846 3061,65 3109,123 3146,496 3103,841 3079,844 3065,918 3063,884 3053,342 3032,578 3005,986 3002,169 2976,604 2957,598 2922,251 2895,089 2898,391 2885,835 2875,623 2857,342 2830,44 2808,474 2796,526 2787,611 2783,96 2792,022 2802,99 2803,48 2771,271 2773,923 2770,145 2783,286 2788,359 2781,912 2780,085 2812,236 2843,536 2847,946 2831,404 2812,315 2773,729 2743,491 2730,417 2719,623 2707,217 2694,877 2676,496 2665,845 2657,993 2629,63
2974,002 2976,044 2976,334 2975,896 2976,323 2976,849 2977,624 2978,301 2979,598 2981,855 2985,572 2991,307 3003,709 3020,312 3040,732 3097,465 3104,75 3067,403 3033,976 3030,114 3025,888 3015,293 2988,762 2970,099 2954,942 2932,103 2914,188 2897,863 2885,024 2882,021 2866,668 2836,961 2829,639 2808,48 2795,512 2783,186 2779,397 2767,031 2776,193 2785,939 2781,778 2750,976 2765,414 2766,487 2769,098 2764,561 2762,222 2765,405 2785,452 2805,527 2797,897 2788,308 2777,687 2756,814 2745,208 2736,395 2720,057 2706,293 2687,597 2676,219 2666,792 2655,277 2609,433
2985,057 2983,239 2982,806 2981,724 2980,915 2980,149 2981,855 2983,024 2984,545 2986,271 2989,227 2994,669 3005,401 3022,164 3043,666 3085,144 3059,514 3017,868 3000,662 2995,102 2985,807 2977,798 2955,521 2936,121 2926,082 2902,586 2888,05 2874,767 2865,868 2844,603 2817,418 2804,58 2796,182 2790,086 2778,862 2759,351 2766,957 2756,199 2769,272 2771,404 2768,331 2744,111 2750,888 2758,451 2755,648 2754,326 2758,52 2759,24 2757,652 2766,308 2764,699 2762,625 2753,382 2735,681 2727,65 2722,629 2717,41 2701,366 2684,164 2671,478 2654,272 2628,927 2599,974
