rofental/data/rofental/dem_rofental_50.asc
ncols         644
nrows         451
xllcorner     622802,488
yllcorner     5177999,379
cellsize      50
NODATA_value  -9999
[rows 364 to 391 of 451, columns 504 to 566 of 644]
3155,913 3180,054 3159,404 3128,789 3119,709 3120,565 3122,124 3126,285 3128,41 3131,378 3135,815 3138,258 3140,331 3142,419 3145,601 3148,873 3152,473 3155,576 3158,145 3160,378 3163,018 3166,298 3169,889 3173,782 3177,64 3181,815 3186,918 3193,8 3202,11 3209,416 3215,559 3219,87 3222,991 3226,063 3229,71 3233,881 3238,975 3244,027 3248,922 3253,519 3257,852 3261,851 3266,167 3270,524 3274,378 3278,721 3284,349 3291,826 3299,101 3306,204 3313,432 3321,385 3329,813 3338,336 3324,358 3270,107 3228,053 3190,465 3136,658 3115,437 3098,382 3083,715 3076,142
3150,638 3169,936 3201,318 3189,551 3170,721 3180,986 3156,235 3149,711 3143,397 3146,547 3147,212 3146,397 3147,647 3148,957 3150,815 3152,627 3155,524 3157,813 3160,424 3162,54 3164,82 3167,408 3170,361 3173,727 3177,49 3181,888 3187,769 3195,08 3202,603 3209,298 3215,319 3219,526 3222,765 3225,294 3228,728 3233,233 3238,468 3243,539 3248,353 3253,333 3257,862 3262,06 3266,357 3270,832 3275,052 3279,671 3286,113 3294,061 3301,865 3308,823 3315,663 3322,887 3330,849 3338,192 3332,786 3266,963 3233,51 3196,785 3140,743 3118,21 3099,49 3084,159 3074,075
3163,074 3174,18 3191,475 3225,637 3240,718 3232,723 3204,659 3206,222 3194,919 3171,526 3164,089 3157,878 3157,532 3157,602 3156,811 3157,354 3158,866 3160,022 3162,119 3164,127 3166,106 3168,522 3171,321 3174,195 3177,597 3181,666 3187,751 3195,233 3202,938 3209,461 3215,342 3219,522 3222,648 3224,928 3228,936 3234,523 3239,291 3243,485 3247,819 3252,46 3257,088 3261,476 3266,145 3270,768 3275,536 3280,617 3287,579 3295,948 3304,466 3311,682 3318,581 3325,782 3333,795 3340,467 3339,087 3284,163 3246,113 3199,965 3148,909 3130,763 3111,415 3089,438 3071,456
3173,081 3186,256 3201,112 3231,01 3278,971 3297,539 3264,368 3249,938 3234,114 3207,384 3204,79 3179,081 3172,926 3168,213 3164,309 3162,961 3162,756 3162,69 3163,439 3164,983 3166,762 3168,915 3171,76 3174,841 3177,784 3181,463 3187,317 3195,134 3203,39 3210,646 3216,667 3221,105 3223,598 3225,597 3230,515 3236,979 3241,372 3244,606 3248,036 3251,75 3255,785 3260,567 3265,362 3270,429 3275,948 3282,064 3289,162 3297,73 3306,678 3314,568 3322,132 3329,425 3337,531 3345,267 3342,132 3299,589 3249,614 3192,356 3162,751 3145,108 3130,071 3109,542 3077,771
3181,627 3194,976 3216,754 3258,597 3292,942 3323,427 3328,017 3302,163 3280,82 3249,026 3240,994 3211,179 3199,235 3189,92 3181,515 3177,007 3171,92 3168,395 3165,891 3165,054 3165,957 3167,993 3171,105 3174,799 3178,177 3181,829 3187,394 3194,989 3203,517 3211,623 3218,658 3223,657 3226,461 3227,931 3231,7 3238,016 3242,987 3246,144 3248,827 3251,691 3255,021 3259,178 3264,263 3269,737 3275,875 3282,675 3290,429 3299,449 3308,863 3317,699 3325,905 3333,509 3341,942 3350,112 3328,615 3280,879 3235,617 3202,788 3178,024 3158,965 3147,194 3126,742 3097,92
3191,872 3202,984 3212,649 3230,004 3259,753 3283,076 3311,636 3355,291 3337,112 3301,905 3291,562 3269,774 3239,36 3241,523 3240,647 3239,496 3207,5 3184,135 3173,441 3167,309 3164,043 3164,604 3168,068 3173,1 3177,677 3181,471 3186,493 3193,492 3201,974 3210,669 3218,671 3225,154 3229,189 3231,42 3232,908 3237,491 3242,684 3246,384 3249,149 3251,492 3253,867 3257,106 3261,698 3267,199 3273,419 3281,051 3289,067 3298,495 3309,103 3319,309 3328,443 3336,744 3345,968 3353,681 3346,063 3284,583 3249,067 3219,902 3192,912 3174,45 3162,783 3148,737 3123,973
3205,058 3202,071 3219,136 3228,189 3237,058 3264,293 3318,175 3357,692 3380,883 3342,995 3337,856 3302,879 3296,322 3299,823 3294,51 3282,748 3257,169 3238,195 3207,388 3173,675 3161,243 3158,997 3163,182 3170,872 3177,377 3181,924 3186,67 3193,691 3202,127 3210,827 3219,508 3226,964 3232,03 3235,247 3236,812 3239,241 3243,394 3247,022 3249,691 3251,804 3253,55 3256,373 3260,549 3265,403 3271,433 3279,626 3288,393 3298,838 3310,814 3323,105 3333,794 3342,656 3351,786 3359,246 3358,594 3300,571 3265,918 3235,708 3205,014 3186,633 3176,585 3162,715 3139,445
3214,951 3224,626 3230,514 3236,449 3249,274 3273,219 3323,906 3326,57 3379,742 3369,149 3333,265 3358,109 3326,955 3300,862 3275 3250,676 3246,125 3203,367 3200,844 3175,004 3137,289 3150,09 3147,123 3147,076 3176,259 3182,453 3187,104 3193,519 3202,019 3211,153 3220,567 3228,501 3234,45 3238,735 3241,159 3242,648 3244,914 3248,049 3250,615 3252,347 3253,74 3255,98 3259,364 3263,589 3269,149 3276,821 3286,539 3298,269 3312,04 3326,208 3338,472 3348,189 3357,662 3365,403 3377,825 3338,924 3291,786 3251,79 3223,159 3201,503 3190,922 3176,527 3153,704
3245,917 3237,619 3244,247 3250,5 3258,902 3285,062 3272,719 3307,785 3321,559 3292,344 3287,59 3299,949 3274,621 3246,191 3233 3200,5 3174,191 3160,371 3146,566 3138,066 3104,5 3116,188 3170,121 3171,152 3173,535 3185,031 3189,298 3193,275 3201,906 3212,523 3222,01 3230,325 3236,726 3241,793 3244,959 3246,728 3247,972 3249,705 3251,872 3253,641 3255,039 3256,219 3258,459 3261,856 3266,674 3273,478 3283,223 3296,518 3312,161 3328,045 3341,277 3352,071 3362,114 3370,162 3380,539 3368,763 3340,947 3294,885 3245,416 3222,625 3206,986 3192,265 3168,244
3287,541 3233,571 3251,394 3254,216 3233,977 3225 3234,406 3268,781 3253,531 3241,434 3242,781 3245,699 3226,605 3192,227 3194,559 3150,09 3127,621 3105,562 3104,164 3079,5 3063,473 3098,41 3142,594 3139,82 3163,168 3195,688 3197,496 3192,184 3200 3215,434 3226 3234,219 3240,895 3245,335 3248,941 3251,261 3252,179 3253,008 3254,328 3255,5 3256,979 3257,282 3258,413 3260,381 3264,001 3269,457 3278,916 3294,464 3310,75 3327,321 3341,919 3354,283 3365,122 3374,247 3391,392 3408,012 3363,448 3307,216 3266,805 3245,602 3226,353 3210,039 3184,661
3232,039 3179,066 3186,41 3189,059 3183,062 3183,781 3198 3210,066 3215,309 3203,746 3203,137 3201,688 3208,934 3158,184 3149,715 3108,906 3095,402 3060,43 3066,246 3040,465 3027,438 3066,305 3063,969 3094,855 3144,91 3154,125 3175,445 3162,5 3198,598 3221,219 3231,75 3240,816 3246,965 3252 3256,105 3258,004 3259,062 3259,062 3258,938 3258,512 3259,594 3259,449 3259,368 3259,603 3261,277 3265,145 3273,053 3287,986 3305,783 3324,277 3341,359 3355,604 3368,212 3380,644 3414,296 3440,286 3385,14 3336,857 3288,483 3263,828 3242,969 3225,488 3200,942
3161,402 3134,219 3140,848 3135,758 3139,754 3149,719 3161,535 3182,711 3171,902 3172,508 3171,402 3173,504 3183,664 3136,844 3094,594 3066,254 3064,004 3029,539 3014,434 3008,223 3000,035 3017,273 3016,43 3049,344 3112,496 3110,781 3106,008 3150,246 3192,219 3227,473 3252,066 3253 3258,57 3262,605 3265,281 3267,566 3268 3266,965 3265,969 3266,062 3264,934 3263,996 3262 3260 3260 3262,785 3267,054 3276,419 3296,441 3319,784 3340,838 3357,821 3373,202 3391,216 3429,157 3455,337 3416,409 3370,876 3311,496 3276,418 3253,062 3234,459 3213,803
3102,621 3091,586 3094,934 3103,402 3106,746 3116,246 3131,062 3149,996 3135,496 3142,965 3154,633 3152,129 3152,215 3116,719 3069,07 3043,797 3009,277 2986,098 2979,5 2962,539 2968,754 2974,5 2987,004 3033,25 3068,695 3058,184 3082,434 3120,438 3156,746 3181,254 3226,746 3260,934 3293,027 3282,465 3280,398 3282,5 3282,5 3280,5 3278,496 3276,602 3273,566 3268,93 3264,098 3260 3259 3261,965 3244,934 3263,156 3287,125 3319,535 3344,465 3364 3385,211 3399,152 3402,688 3401,254 3408,881 3371,731 3334,577 3293,038 3258,667 3239,875 3223,24
3051,379 3051,746 3067,59 3067,496 3073,496 3079,312 3100,098 3098,941 3102,754 3115,781 3123,93 3125,637 3125,438 3075,461 3033,07 3001,691 2979,004 2956 2948,496 2934,965 2936,004 2942,25 2967,031 2997,301 3023,812 3024,789 3056,715 3090,004 3137,031 3183,938 3222,629 3214,535 3241,031 3275,633 3305,402 3307,566 3310,254 3307 3300,465 3294,715 3289,402 3280,465 3269 3253,059 3249,996 3212,188 3199,625 3228,504 3268,902 3315,348 3347,32 3370,965 3352,184 3345,375 3350,473 3342,117 3381,742 3412,07 3356,943 3307,809 3265,303 3244,091 3229,583
3012,719 3015,535 3020,938 3029 3041,848 3039,273 3046,285 3059,191 3076,863 3086,535 3094,188 3102,535 3110,996 3063,906 3010,934 2971,465 2955,93 2934 2918,285 2907,965 2908 2913,43 2927,465 2959,758 2977,938 3007,43 3042,496 3082,875 3127,562 3164,863 3154,969 3183,598 3221,035 3263,727 3303,285 3328 3330,715 3344,34 3327,219 3322,473 3322,91 3297,898 3269,027 3209,961 3189,34 3161,039 3165,348 3197,066 3238,75 3291,246 3342,629 3320,875 3307,289 3301,5 3290,531 3309,289 3350,375 3402,743 3358,024 3324,344 3283,552 3246,891 3233,93
2980,603 2983,676 2984,721 2997,43 3010,222 2999,547 3003,304 3025,481 3052,36 3053,56 3074,1 3092,672 3095,241 3048,442 3007,751 2946,701 2929,481 2911,948 2892,715 2881,44 2882,607 2889,375 2910,653 2934,784 2961,115 2996,87 3026,758 3063,57 3078,105 3084,062 3110,36 3149,964 3195,469 3250,705 3268,006 3285,117 3327,796 3337,372 3343,498 3338,106 3294,458 3245,955 3232,303 3185,131 3150,598 3123,284 3133,98 3179,017 3229,378 3262,26 3272,883 3275,412 3269,049 3240,532 3250,536 3302,13 3360,994 3359,026 3368,307 3341,299 3292,994 3249,307 3238,241
2951,22 2955,885 2960,931 2978,573 2980,013 2971,566 2979,093 2993,383 3016,694 3022,613 3061,144 3086,401 3085,443 3029,323 2987,495 2944,609 2908,188 2887,934 2870,211 2856,101 2858,703 2872,732 2891,909 2910,122 2934,037 2973,92 2989,638 3013,563 3022,51 3051,267 3087,008 3131,695 3175,774 3199,595 3223,642 3279,677 3306,686 3260,955 3286,96 3275,187 3261,725 3223,346 3177,547 3159,896 3122,35 3092,369 3100,839 3135,171 3166,643 3192,932 3220,874 3224,859 3218,222 3187,923 3233,418 3278,886 3295,188 3319,029 3311,56 3325,01 3290,754 3251,288 3242,462
2925,718 2933,917 2942,346 2952,07 2952,308 2951,113 2959,953 2977,604 2994,968 3019,972 3057,587 3080,189 3068,441 3028,494 2988,156 2949,13 2899,293 2855,997 2843,798 2832,875 2838,779 2851,902 2868,533 2881,951 2901,417 2928,197 2947,969 2972,717 2999,122 3034,284 3083,743 3120,194 3141,104 3174,641 3218,035 3245,758 3264,397 3212,484 3218,365 3218,092 3220,748 3206,584 3162,421 3117,587 3100,139 3063,31 3060,852 3094,728 3148,828 3172,945 3162,087 3183,031 3158,09 3159,404 3206,582 3218,857 3243,676 3276,424 3264,292 3281,25 3295,862 3256,613 3247,719
2910,566 2912,84 2921,573 2929,943 2931,02 2944,373 2961,415 2979,383 3000,391 3031,107 3061,162 3072,785 3057,742 3010,204 2963,977 2931,295 2901,499 2849,397 2813,435 2810,188 2817,155 2828,852 2841,134 2851,525 2878,21 2904,193 2925,814 2952,269 2985,073 3043,744 3072,64 3074,755 3104,288 3136,057 3170,142 3217,597 3224,611 3170,087 3167,636 3164,933 3156,085 3150,948 3114,698 3085,971 3058,126 3045,08 3028,338 3063,578 3083,021 3098,994 3116,233 3134,494 3101,007 3139,659 3188,696 3169,791 3196,361 3195,766 3225,797 3272,261 3286,271 3259,987 3252,261
2901,705 2920,616 2935,61 2942,003 2954,552 2967,511 2986,548 3004,08 3026,108 3054,075 3075,511 3055,741 3024,746 2984,44 2941,717 2904,113 2871,627 2817,497 2789,977 2785,895 2795,314 2804,641 2814,015 2832,041 2860,61 2881,221 2906,476 2940,868 2993,007 3039,569 3026,274 3048,076 3089,686 3131,719 3173,089 3198,382 3207,878 3151,798 3129,562 3136,074 3103,918 3109,498 3104,15 3054,859 3015,862 3001,987 2994,334 3019,962 3059,185 3065,868 3085,073 3084,617 3057,753 3122,136 3149,622 3136,32 3134,584 3162,611 3213,06 3261,599 3259,383 3235,887 3223,817
2883,065 2917,233 2966,156 2975,853 2991,891 3003,774 3026,107 3049,709 3066,763 3086,269 3064,143 3022,324 2987,122 2957,159 2915,127 2882,897 2858,717 2805,552 2778,072 2764,632 2772,789 2779,535 2789,089 2813,176 2837,8 2860,737 2902,14 2948,2 3002,143 2984,473 2996,024 3044,148 3083,502 3134,542 3172,359 3147,262 3165,342 3140,932 3072,972 3081,392 3054,94 3056,344 3042,17 3024,937 2979,895 2954,785 2970,757 3008,023 3036,856 3028,511 3037,065 3048,31 3022,874 3060,566 3085,088 3082,226 3113,861 3153,112 3199,894 3240,619 3221,094 3190,785 3188,943
2862,679 2926,805 2930,356 2935,484 2954,665 2991,82 3013,499 3045,424 3080,564 3093,736 3057,222 3006,477 2967,058 2932,287 2887,571 2856,313 2835,954 2799,525 2750,696 2743,255 2748,919 2757,343 2774,787 2796,009 2813,559 2853,049 2872,408 2922,125 2942,305 2941,712 2994,577 3040,634 3087,156 3128,647 3143,168 3105,522 3112,321 3094,229 3053,146 3014,741 3017,434 2998,835 2983,917 2968,275 2944,776 2919,161 2949,427 2998,538 2999,654 2994,128 2982,42 2984,872 3009,928 3046,371 3034,58 3045,673 3082,607 3124,757 3172,055 3200,923 3187,365 3145,141 3156,906
2848,189 2876,321 2889,948 2890,887 2920,452 2954,758 2997,155 3029,025 3058,351 3052,693 3012,174 2985,485 2952,901 2922,74 2879,775 2837,73 2805,562 2773 2729,294 2722,779 2727,302 2738,913 2756,212 2770,626 2788,231 2824,566 2878,53 2873,633 2892,747 2928,205 2980,204 3020,192 3058,316 3077,648 3105,607 3083,683 3060,373 3037,485 3027,754 2971,75 2964,5 2941,238 2933,818 2923,346 2906,421 2895,591 2958,054 2959,519 2950,862 2964,617 2945,896 2933,119 2968,151 2972,817 2993,553 3024,349 3067,593 3103,966 3138,568 3144,462 3145,108 3104,804 3105,638
2819,345 2832,709 2836,491 2860,709 2895,989 2944,28 2974,934 2991,82 3034,825 3029,562 2988,759 2939,089 2918,068 2902,944 2869,812 2833,015 2794,927 2756,815 2717,529 2703,647 2708,06 2719,753 2732,746 2744,793 2783,118 2827,378 2834,912 2844,852 2871,11 2904,698 2945,539 2978,728 3016,013 3058,941 3088,298 3036 3012,33 2991,934 2978,049 2937,614 2921,364 2904,698 2902,026 2892,562 2859,063 2859,444 2890,146 2904,461 2888,919 2924,568 2902,835 2915,724 2912,672 2937,384 2966,808 3021,173 3065,975 3086,569 3107,359 3123,995 3096,947 3072,011 3053,413
2788,134 2795,941 2798,56 2840,029 2881,542 2909,427 2931,125 2971,966 3020,082 2986,599 2942,146 2914,653 2873,041 2860,954 2854,19 2819,471 2776,519 2717,142 2692,739 2682,753 2689,234 2699,524 2708,389 2719,967 2760,955 2787,92 2800,276 2821,26 2850,161 2878,8 2912,719 2957,946 3004,011 3046,64 3043,051 3017,512 2972,271 2942,166 2928,281 2902,174 2892,02 2873,707 2869,739 2858,289 2825,951 2828,473 2857,535 2848,767 2840,481 2864,3 2853,576 2867,22 2887,575 2929,906 2978,663 3028,178 3023,179 3046,28 3085,62 3112,843 3055,957 3043,326 3018,145
2749,552 2750,217 2782,211 2814,952 2843,006 2874,984 2933,26 2971,117 2985,796 2979,151 2923,556 2879,904 2844,305 2816,945 2799,374 2766,814 2744,558 2699,133 2665,328 2662,943 2669,126 2676,38 2683,583 2698,134 2728,683 2756,107 2775,492 2800,844 2828,655 2872,821 2918,401 2966,34 3006,296 3027,449 3030,309 2986,364 2943,595 2914,518 2890,273 2869,794 2862,933 2844,905 2838,667 2835,341 2797,569 2800,142 2816,618 2806,609 2808,931 2815,644 2827,754 2840,81 2867,254 2917,689 2950,254 2966,518 2987,191 3031,91 3057,531 3075,365 3035,113 2999,845 2980,635
2719,074 2718,998 2756,341 2791,727 2801,788 2861,877 2893,211 2933,8 2949,982 2964,333 2912,044 2865,611 2825,319 2793,907 2761,462 2730,188 2696,931 2658,098 2638,738 2643,124 2648,581 2654,416 2666,302 2689,184 2713,487 2733,086 2752,705 2777,01 2806,318 2852,754 2901,775 2960,902 2988,323 2985,34 3008,988 2977,45 2944,592 2900,992 2857,515 2839,273 2833,672 2819,203 2806,916 2809,548 2780,532 2769,593 2763,144 2771,127 2779,401 2788,002 2798,791 2820,176 2860,702 2899,171 2902,326 2931,651 2974,944 2989,822 3031,997 3040,146 3004,889 2963,154 2943,799
2674,098 2690,236 2709,128 2754,811 2762,831 2821,618 2859,865 2876,992 2917,396 2937,282 2902,38 2857,584 2813,341 2777,185 2743,897 2710,584 2679,901 2648,967 2624,845 2624,257 2628,484 2635,111 2652,529 2673,286 2692,076 2708,308 2729,563 2753,95 2797,108 2842,587 2875,604 2915,156 2932,42 2953,339 2979,614 2935,612 2917,502 2874,917 2834,914 2812,777 2803,444 2788,97 2774,854 2776,353 2757,442 2726,4 2723,047 2740,952 2749,941 2758,848 2777,358 2791,011 2826,786 2842,164 2870,254 2904,961 2936,061 2977,104 3016,069 3003,374 2970,725 2942,107 2913,677
