rofental/data/rofental/dem_rofental_100.asc
ncols         322
nrows         225
xllcorner     622802,488
yllcorner     5178049,379
cellsize      100
NODATA_value  -9999
[rows 140 to 167 of 225, columns 126 to 188 of 322]
3001,83 2995,215 2968,97 2927,424 2897,283 2875,207 2849,271 2824,067 2791,89 2746,392 2706,607 2663,893 2626,993 2587,036 2552,084 2514,958 2476,768 2445,809 2435,859 2452,704 2458,858 2482,941 2530,269 2571,862 2602,794 2622,845 2637,106 2649,609 2669,674 2684,269 2697,199 2702,569 2707,526 2727,022 2718,595 2679,577 2677,213 2671,417 2654,528 2634 2572,985 2494,628 2452,413 2436,317 2483,784 2533,163 2577,459 2614,124 2636,251 2653,763 2665,796 2692,439 2711,89 2722,054 2744,89 2774,817 2806,301 2837,36 2856,146 2880,396 2899,749 2908,144 2931,425
2977,225 2952,495 2934,566 2918,443 2879,735 2840,612 2814,733 2770,079 2748,909 2702,717 2650,392 2608,155 2572,226 2531,468 2509,357 2488,171 2465,305 2456,635 2472,957 2483,971 2508,677 2557,378 2605,625 2637,828 2653,272 2670,577 2687,48 2707,121 2730,413 2747,171 2753,18 2754,801 2775,209 2799,307 2766,838 2735,149 2743,876 2743,721 2711,055 2640,583 2569,871 2502,641 2465,381 2459,647 2525,702 2578,549 2624,686 2652,362 2669,774 2688,999 2716,35 2738,221 2749,25 2757,375 2770,215 2803,88 2844,382 2865,66 2876,871 2884,544 2920,701 2954,903 2964,006
2929,889 2912,356 2889,069 2872,463 2835,744 2799,604 2768,906 2741,825 2692,373 2645,035 2607,274 2574,745 2545,161 2525,66 2510,801 2491,283 2487,065 2493,328 2505,274 2546,028 2589,788 2628,977 2666,134 2689,378 2709,875 2723,919 2741,702 2760,412 2783,442 2796,382 2801,634 2820,946 2836,619 2833,632 2811,43 2796,564 2777,542 2738,023 2693,26 2635,586 2562,693 2496,497 2460,043 2497,474 2562,368 2617,579 2657,288 2677,659 2697,266 2725,381 2758,692 2769,748 2774,986 2792,824 2804,008 2820,16 2854,688 2865,886 2886,328 2883,482 2915,605 2991,654 3017,803
2882,901 2861,597 2846,696 2831,733 2792,811 2757,718 2723,813 2687,535 2642,415 2601,002 2577,787 2558,301 2547,761 2534,575 2518,95 2518,884 2522,401 2535 2567,997 2613,529 2653,458 2686,563 2718,413 2742,196 2764,072 2774,187 2787,15 2800,986 2824,446 2843,278 2868,192 2891,729 2886,301 2852,393 2819,757 2789,46 2745,591 2691,226 2648,511 2594,362 2529,567 2479,07 2482,156 2524,287 2590,469 2651,257 2679,528 2702,702 2724,985 2756,116 2790,7 2799,675 2797,17 2825,879 2825,667 2836,908 2858,284 2869,835 2887,616 2905,058 2920,913 2971,325 3046,369
2873,084 2836,195 2813,745 2778,815 2741,912 2710,296 2672,968 2635,46 2596,818 2574,97 2569,515 2563,072 2554,14 2538,977 2541,169 2548,13 2564,96 2598,819 2633,702 2667,99 2698,622 2734,573 2766,68 2786,49 2805,621 2822,167 2832,741 2846,334 2875,532 2906,488 2917,702 2914,819 2879,978 2840,634 2804,456 2763,233 2708,847 2652,812 2594,461 2540,312 2490,848 2485,738 2513,372 2555,813 2622,958 2675,649 2703,764 2729,982 2759,188 2784,896 2808,651 2840,984 2835,775 2841,013 2851,319 2861,299 2877,211 2874,338 2887,122 2909,984 2933,81 2965,195 3016,063
2871,119 2825,478 2784,76 2738,232 2691,676 2647,9 2619,939 2603,17 2588,864 2583,429 2576,569 2568,687 2558,591 2556,636 2568,795 2583,241 2620,499 2654,826 2681,625 2712,916 2749,484 2778,927 2800,283 2825,099 2853,273 2871,687 2879,792 2896,599 2925,036 2938,096 2932,474 2891,516 2857,996 2825,974 2785,313 2731,951 2673,361 2614,646 2557,554 2510,2 2491,315 2505,246 2538,514 2583,49 2644,15 2695,921 2730,506 2756,427 2784,061 2800,667 2811,114 2848,912 2864,06 2852,083 2863,154 2872,667 2877,268 2887,093 2904,435 2921,606 2947,882 2984,419 3022,855
2873,936 2826,315 2774,458 2713,739 2650,806 2619,019 2612,824 2608,05 2597,974 2592,872 2584,64 2575,537 2582,696 2588,306 2607,475 2637,267 2674,563 2695,385 2728,399 2766,009 2802,655 2819,366 2839,856 2859,385 2884,904 2906,912 2931,947 2958,153 2963,389 2943,49 2929,814 2882,892 2837,533 2800,808 2747,436 2684,604 2632,394 2581,017 2534,465 2499,031 2502,344 2521,61 2564,293 2603,847 2637,115 2685,714 2733,281 2773,032 2793,928 2814,54 2835,251 2859,685 2877,82 2891 2890,632 2897,993 2899,409 2913,594 2924,155 2944,413 2960,113 3008,019 3044,359
2809,997 2767,947 2718,635 2668,451 2642,29 2632,69 2623,978 2615,512 2607,678 2601,522 2589,761 2586,946 2605,074 2628,023 2665,263 2695,259 2723,726 2745,419 2779,242 2809,535 2845,246 2863,668 2881,894 2900,301 2919,793 2951,215 2987,56 2989,588 2964,622 2947,469 2912,706 2853,335 2813,798 2772,092 2705,058 2646,568 2596,653 2552,228 2513,98 2503,434 2518,099 2550,349 2598,524 2644,646 2671,912 2694,647 2736,41 2782,348 2817,57 2846,123 2874,96 2888,806 2899,31 2912,249 2911,017 2913,028 2918,563 2925,783 2944,611 2968,72 2989,388 3033,798 3065,736
2746,712 2705,117 2674,804 2658,743 2652,674 2644,857 2633,866 2623,694 2615,478 2604,978 2600,047 2609,396 2643,489 2689,658 2720,899 2744,529 2772,855 2793,11 2820,329 2848,836 2877,614 2908,428 2927,042 2947,248 2962,749 2978,721 2971,496 2958,067 2943,414 2935,403 2878,604 2836,485 2796,033 2743,166 2678,164 2616,88 2574,375 2531,445 2510,625 2516,444 2547,616 2587,255 2629,527 2674,304 2710,998 2738,42 2761,99 2786,142 2820,231 2864,272 2898,97 2906,799 2923,957 2944,158 2958,159 2944,017 2942,29 2953,544 2974,34 2994,782 3020,137 3043,637 3073,012
2693,794 2681,622 2673,602 2667,941 2660,42 2651,08 2638,458 2629,359 2618,312 2614,03 2625,57 2660,493 2710,079 2745,986 2764,495 2783,511 2806,975 2829,515 2856,04 2875,376 2903,06 2943,967 2954,255 2969,536 2990,548 2971,355 2956,449 2936,216 2913,864 2892,442 2850,264 2814,001 2770,297 2712,578 2644,537 2594,343 2554,721 2521,641 2521,696 2540,482 2579,809 2622,93 2665,23 2702,802 2736,169 2768,828 2797,255 2816,777 2838,196 2864,216 2886,881 2897,909 2933,343 2970,405 3021,114 3005,513 2986,6 2999,567 3017,56 3036,488 3052,668 3062,125 3090,566
2694,355 2689,063 2682,268 2675,153 2667,604 2657,192 2642,67 2629,99 2629,895 2648,797 2669,151 2711,99 2760,792 2788,207 2808,473 2822,361 2846,058 2862,275 2889,654 2916,885 2947,916 2983,224 3001,745 3001,455 2995,91 2979,902 2952,651 2907,667 2878,765 2847,638 2819,737 2787,66 2734,385 2669,913 2615,616 2580,778 2541,34 2528,63 2540,581 2567,351 2607,655 2650,153 2692,963 2731,894 2759,372 2786,425 2816,692 2838,691 2855,906 2866,906 2884,785 2900,23 2923,9 2963,907 3025,474 3062,508 3049,852 3058,133 3077,132 3091,741 3102,868 3122,277 3128,86
2704,444 2697,826 2690,824 2683,599 2675,089 2660,387 2641,37 2643,331 2671,863 2693,5 2711,808 2724,105 2760,707 2818,157 2838,479 2852,859 2884,152 2908,375 2935,812 2960,986 2996,14 3030,511 3026,676 3017,33 3006,063 2995,097 2947,426 2890,907 2857,648 2819,124 2786,656 2744,709 2686,961 2637,707 2597,683 2560,502 2536,76 2544,042 2562,807 2596,244 2636,52 2677,405 2720,144 2763,392 2786,991 2813,747 2834,175 2851,191 2865,419 2876,32 2892,727 2910,621 2933,158 2954,762 3005,385 3061,291 3108,064 3142,507 3152,813 3151,27 3146,485 3183,759 3190,668
2712,124 2706,367 2699,079 2690,284 2677,455 2660,085 2658,963 2689,208 2708,259 2729,51 2757,669 2774,609 2781,601 2826,192 2873,661 2898,677 2942,854 2972,817 3002,461 3025,839 3049,88 3042,931 3015,039 3005,771 3016,914 2989,263 2937,171 2901,623 2867,441 2825,227 2771,938 2716,135 2661,812 2620,745 2580,789 2552,346 2544,234 2564,041 2587,708 2617,961 2661,946 2705,887 2747,593 2791,592 2812,572 2830,311 2865,178 2865,985 2870,374 2884,601 2905,751 2915,307 2933,569 2969,867 2991,456 3038,017 3078,561 3113,274 3179,428 3213,545 3219,377 3272,776 3268,317
2721,092 2715,464 2707,315 2692,3 2678,403 2688,681 2718,656 2730,214 2741,876 2769,554 2799,281 2841,46 2857,652 2873,736 2898,151 2951,309 2992,06 3033,903 3078,339 3091,049 3081,665 3033,102 3008,257 2996,966 2987,744 2964,751 2933,682 2908,567 2864,149 2809,935 2759,1 2701,969 2651,823 2608,636 2573,828 2554,261 2553,076 2580,325 2613,884 2638,955 2671,544 2717,624 2767,583 2814,115 2832,675 2852,706 2890,363 2894,298 2889,443 2898,715 2913,566 2924,254 2956,191 2993,452 3010,85 3019,627 3057,978 3074,527 3119,786 3212,172 3307,304 3359,203 3346,136
2730,022 2724,968 2713,091 2693,428 2709,578 2740,653 2759,301 2775,172 2794,802 2825,873 2851,561 2898,703 2914,37 2937,076 2947,833 2984,307 3016,981 3078,309 3098,498 3092,597 3074,965 3025,204 3003,084 2987,281 2967,35 2941,19 2918,278 2897,826 2855,654 2796,207 2739,458 2688,695 2644,359 2599,581 2570,881 2559,058 2565,039 2598,755 2641,56 2670,015 2698,654 2718,501 2767,696 2818,461 2843,207 2876,009 2912,872 2912,674 2908,738 2915,307 2935,282 2961,118 2989,771 3018,325 3033,472 3043,467 3060,866 3086,885 3117,138 3158,759 3225,026 3311,339 3351,275
2737,753 2732,645 2716,931 2721,713 2748,203 2786,874 2804,114 2813,654 2845,931 2886,613 2915,089 2958,903 2974,703 2979,89 3000,805 3029,21 3062,579 3098,688 3067,847 3052,663 3051,562 3028,493 2994,281 2973,923 2949,128 2928,046 2901,93 2865,427 2821,947 2768,617 2717,698 2672,145 2627,646 2590,634 2571,404 2568,321 2579,075 2620,74 2668,769 2706,666 2729,997 2756,186 2774,123 2821,746 2868,661 2886,229 2933,243 2936,344 2931,997 2935,636 2967,12 2989,657 3001,804 3030,4 3051,947 3057,851 3071,214 3105,43 3130,714 3162,453 3205,362 3264,962 3340,771
2743,39 2738,011 2732,716 2766,656 2786,338 2812,605 2831,417 2843,046 2887,186 2949,162 2990,555 3034,225 3035,605 3023,611 3037,195 3071,317 3112,858 3119,806 3065,172 3047,43 3040,651 3022,974 2986,497 2970,011 2952,931 2927,595 2891,428 2843,694 2797,478 2742,051 2697,33 2658,295 2617,747 2588,471 2574,977 2586,784 2602,807 2647,272 2692,301 2735,048 2765,66 2790,989 2802,862 2830,856 2864,373 2896,2 2931,138 2963,83 2977,467 2967,946 2991,448 3010,784 3021,563 3041,106 3063,884 3072,009 3079,078 3122,398 3145,006 3172,412 3210,875 3282,708 3303,547
2746,962 2740,751 2754,686 2799,58 2826,567 2850,639 2866,433 2894,863 2946,442 2985,578 3045,162 3097,567 3078,437 3076,556 3087,456 3119,374 3151,884 3115,199 3070,29 3052,166 3032,297 3000,717 2981,845 2964,623 2949,022 2916,812 2878,612 2839,393 2786,381 2729,472 2683,825 2643,413 2611,308 2589,612 2587,548 2610,214 2637,149 2675,142 2717,037 2753,314 2790,455 2813,768 2835,284 2853,664 2872,039 2896,981 2927,562 2965,319 2989,483 3016,881 3038,934 3038,626 3044,207 3060,323 3082,421 3090,642 3102,035 3143,262 3174,242 3199,198 3239,526 3289,656 3234,384
2750,949 2750,356 2788,332 2834,618 2868,855 2891,539 2917,697 2951,605 2986,802 3010,796 3041,999 3085,791 3102,828 3115,232 3140,683 3170,124 3143,746 3114,024 3089,061 3056,726 3011,736 2976,007 2954,68 2936,15 2918,614 2894,015 2863,743 2824,764 2776,515 2728,853 2676,19 2637,575 2613,014 2602,393 2605,117 2620,206 2651,595 2680,103 2714,536 2757,161 2796,001 2827,105 2854,373 2869,001 2879,408 2896,444 2925,912 2960,403 2983,584 3015,155 3071,724 3109,857 3121,963 3111,823 3108,194 3122,171 3138,325 3179,951 3207,079 3222,87 3252,137 3250,556 3189,455
2759,393 2780,412 2821,854 2862,738 2892,238 2926,443 2960,487 2994,752 3018,681 3041,169 3068,274 3087,068 3116,1 3180,625 3207,348 3187,26 3143,607 3125,548 3093,116 3053,021 3013,65 2975,367 2938,778 2921,014 2912,541 2892,047 2858,88 2818 2768,917 2717,928 2668,548 2633,333 2613,352 2616,512 2629,898 2631,654 2666,816 2699,234 2728,783 2769,323 2813,906 2848,166 2868,219 2884,376 2896,721 2917,321 2928,206 2950,514 2978,654 3009,505 3030,046 3067,063 3123,23 3163,025 3155,597 3159,098 3177,491 3205,07 3226,96 3241,682 3257,918 3203,01 3165,544
2773,535 2807,059 2842,242 2887,664 2928,131 2967,531 3008,489 3040,397 3059,956 3082,967 3105,965 3117,605 3145,727 3201,014 3196,005 3176,714 3148,64 3113,06 3094,374 3043,199 2997,236 2960,171 2941,973 2929,232 2917,416 2885,32 2861,7 2826,453 2761,985 2707,299 2662,861 2632,188 2617,281 2630,749 2650,011 2653,261 2676,264 2709,218 2733,354 2763,351 2812,543 2865,828 2883,203 2897,444 2922,936 2947,238 2950,937 2959,794 2979,82 3011,826 3025,963 3046,999 3080,186 3129,645 3167,648 3191,849 3217,082 3246,577 3263,087 3275,667 3233,92 3178,708 3139,394
2795,55 2828,834 2855,366 2908,08 2965,095 3021,912 3058,448 3079,409 3098,125 3120,378 3135,776 3151,897 3194,814 3173,571 3153,824 3144,601 3128,223 3087,852 3064,906 3051,058 3026,214 2963,667 2955,988 2934,713 2901,662 2877,438 2866,594 2811,436 2745,497 2697,638 2658,357 2632,257 2622,946 2638,331 2665,016 2677,687 2688,513 2713,547 2737,011 2768,354 2810,225 2860,31 2889,268 2914,757 2949,985 2966,326 2970,824 2979,691 2992,898 3013,771 3036,64 3050,909 3063,98 3084,452 3121,483 3155,175 3207,332 3282,715 3313,566 3308,809 3214,985 3164,17 3127,202
2816,754 2843,752 2873,448 2918,611 2979,506 3047,575 3087,325 3107,058 3128,693 3149,032 3166,059 3193,637 3236,093 3167,877 3144,071 3115,142 3089,818 3064,825 3041,849 3031,29 3009,277 2978,418 2955,881 2938,659 2909,478 2893,302 2865,509 2800,091 2740,692 2689,667 2655,97 2637,786 2631,393 2645,555 2671,777 2693,92 2705,152 2723,323 2747,947 2784,528 2830,129 2865,344 2896,295 2934,091 2977,421 2987,867 2989,69 2996,029 3004,029 3017,476 3043,034 3063,565 3078,435 3092,16 3111,993 3142,207 3182,273 3223,334 3259,68 3285,749 3224,063 3173,013 3148,255
2837,377 2876,516 2910,424 2944,062 3007,399 3086,296 3129,164 3142,921 3172,074 3184,78 3204,669 3241,415 3250,884 3207,232 3145,571 3072,782 3053,558 3049,9 3041,582 3015,145 2981,518 2961,745 2950,005 2932,401 2917,54 2889,189 2848,392 2783,825 2724,663 2677,625 2657,665 2645,564 2645,999 2655,141 2678,432 2709,674 2728,377 2740,864 2768,021 2805,125 2855,947 2884,373 2901,817 2948,737 2991,642 2996,371 3003,014 3012,259 3016,027 3021,684 3042,609 3068,613 3089,22 3105,53 3122,766 3146,809 3179,625 3221,407 3255,898 3251,912 3203,467 3175,096 3136,032
2864,817 2900,281 2947,855 2978,69 3036,323 3137,581 3197,448 3223,075 3241,763 3244,281 3253,122 3270,788 3257,884 3225,888 3141,082 3064,435 3039,105 3035,146 3030,681 2999,008 2968,693 2945,047 2930,244 2918,444 2902,087 2869,878 2817,157 2763,577 2705,991 2673,646 2660,785 2651,91 2652,93 2665,26 2689,125 2720,799 2763,776 2769,697 2795,776 2835,091 2882,328 2902,917 2907,312 2953,48 2995,579 3006,952 3016,525 3024,133 3026,583 3029,434 3041,813 3067,104 3098,655 3121,434 3137,827 3155,597 3185,192 3226,866 3269,682 3212,795 3143,21 3098,257 3098,499
2887,973 2928,677 2977,596 3011,881 3065,983 3165,312 3245,199 3251,311 3244,475 3253,736 3251,782 3216,44 3201,855 3192,579 3161,046 3091,597 3030,483 3021,88 3011,992 2994,386 2963,932 2932,61 2908,596 2893,369 2872,183 2843,271 2795,618 2737,72 2691,03 2671,126 2660,945 2655,844 2659,98 2679,476 2706,816 2736,515 2774,804 2812,755 2825,61 2861,022 2893,012 2908,709 2923,77 2967,402 3003,049 3014,089 3025,873 3031,907 3035,412 3041,083 3049,189 3075 3113,072 3137,823 3153,992 3170,862 3194,884 3232,755 3229,876 3164,143 3099,651 3064,891 3052,286
2920,643 2956,751 3013,771 3044,967 3097,306 3173,428 3248,912 3235,456 3222,882 3234,322 3204,92 3168,617 3163,49 3151,595 3127,772 3078,57 3031,273 3015,968 3001,774 2986,895 2968,027 2935,813 2915,241 2889,458 2851,941 2806,412 2758,791 2712,994 2684,729 2677,036 2676,477 2664,716 2677,449 2695,637 2724,031 2758,255 2799,848 2830,841 2856,843 2880,971 2899,157 2910,688 2944,121 2989,991 3003,948 3019,005 3042,633 3047,684 3052,549 3056,735 3062,081 3086,417 3152,227 3164,153 3176,214 3197,354 3218,908 3171,249 3149,158 3128,216 3088,168 3040,156 3015,888
2970,228 3009,172 3048,576 3073,8 3139,855 3211,022 3244,677 3194,31 3182,891 3196,981 3168,495 3141,029 3126,169 3118,711 3091,799 3067,594 3036,356 3022,009 3005,592 2991,402 2963,889 2941,332 2925,463 2893,31 2843,897 2783,42 2731,758 2698,451 2694,408 2698,224 2695,484 2684,218 2691,841 2711,192 2751,323 2795,363 2838,578 2853,292 2875,768 2892,317 2899,236 2922,497 2976,831 3014,085 3013,031 3039,336 3064,669 3068,803 3070,841 3071,581 3072,54 3096,372 3190,594 3241,089 3254,126 3246,646 3193,88 3146,549 3123,005 3099,675 3071,457 3037,049 3005,284
