rofental/data/rofental/firn_we_rofental_100.asc
ncols         322
nrows         225
xllcorner     622802,488
yllcorner     5178049,379
cellsize      100
NODATA_value  -9999
[rows 46 to 91 of 225, columns 96 to 191 of 322]
0 0 0 0 0 0 0 0 0 0 0 0 0 0 0 0 0 0 0 0 0 0 0 87,8705 292,8802 843,5935 1378,977 67,2485 0 0 0 0 0 0 0 0 0 0 0 0 0 0 0 0 0 0 0 0 0 0 0 0 0 0 0 0 0 0 0 0 0 0 0 0 0 0 0 0 0 0 0 0 0 0 0 0 0 0 0 0 0 0 0 0 0 0 0 0 0 0 0 74,53751 149,4227 148,343 56,807 0
0 0 0 0 0 0 0 0 0 0 0 0 0 0 0 0 0 0 0 0 0 94,32449 151,021 139,2955 1223,406 188,6463 1292,314 0 0 0 0 0 0 0 0 0 0 0 0 0 0 0 0 0 0 0 0 0 0 0 0 0 0 0 0 0 0 0 0 0 0 0 0 0 0 0 0 0 0 0 0 0 0 0 0 0 0 0 0 0 0 0 0 0 0 0 0 0 0 10,902 0 805,3132 62,9665 194,3412 0 0
0 0 0 0 0 0 0 0 0 0 0 0 0 0 0 0 0 0 0 0 0 0 13,896 218,395 455,107 114,8378 0 0 0 0 0 0 0 0 0 0 0 0 0 0 0 0 0 0 0 0 0 0 0 0 0 0 0 0 0 0 0 0 0 0 0 0 0 0 0 0 0 0 0 0 0 0 0 0 0 0 0 0 2,02025 2,975 3,9525 173,0267 0 0 0 0 0 0 6,44925 259,7043 466,8947 443,1082 9,7655 0 18,08525 0
0 0 0 0 0 0 0 0 0 0 0 0 0 0 0 0 0 0 0 0 4,75325 0 249,5388 0 0 0 0 0 0 0 0 0 0 0 0 0 0 0 0 0 0 0 0 0 0 0 0 0 0 0 0 0 0 0 0 0 0 0 0 0 0 0 0 0 0 0 0 0 0 0 0 0 0 0 0 0 0 0 0 0,2195 33,957 412,5443 81,96625 199,7625 268,6845 0 178,5213 24,76825 132,4023 1069,385 558,441 340,5945 49,0575 98,80025 123,9307 86,31225
0 0 0 0 0 0 0 0 0 0 0 0 0 0 0 0 0 0 0 0 0 0 0 0 0 0 0 0 0 0 0 0 0 0 0 0 0 0 0 0 0 0 0 0 0 0 0 0 0 0 0 0 0 0 66,58425 0 0 0 0 0 0 0 0 0 0 0 0 0 0 0 0 0 0 0 0 0 0 0 0 125,8177 0,8945 736,8865 524,359 333,3635 419,0845 223,6335 754,949 299,9052 1305,901 1016,083 105,3015 82,5095 778,346 505,733 419,439 418,2462
0 0 0 0 0 0 0 0 0 0 0 0 0 0 0 0 0 0 0 0 0 0 0 0 0 0 0 0 0 0 0 0 0 0 0 0 0 0 0 0 0 0 0 0 0 0 0 0 0 0 0 77,15925 7,00225 0 55,2055 0 0 0 0 0 0 0 0 0 0 0 0 0 0 0 0 0 0 0 0 0 0 0 156,355 183,9272 832,0978 567,8438 1075,087 1061,188 163,6078 913,061 1275,534 1043,223 1195,433 943,4105 616,1027 1301,011 1336,775 561,767 722,107 621,1088
0 0 0 0 0 0 0 0 0 0 0 0 0 0 0 0 0 0 0 0 0 0 0 0 0 0 8,51125 5,72025 0 0 0 0 0 0 0 0 0 0 0 0 0 0 0 0 0 0 0 0 0,00675 0 238,4073 0 86,55225 48,97875 0 0 0 0 0 0 0 0 0 0 0 0 0 0 0 0 0 0 0 62,857 39,6865 56,01625 9,47825 319,1505 148,192 143,6017 1320,903 499,747 2462,538 1586,909 1052,565 1830,216 1825,828 1568,758 1235,374 1135,578 1558,848 995,4575 314,6 348,2285 883,2778 1119,703
0 0 0 0 0 0 0 0 0 0 0 0 0 0 0 0 0 0 0 0 0 0 0 0 0 0 0 0 0 0 0 0 0 0 0 0 0 0 0 0 0 0 0 0 0 0 0 0 0 0 94,25675 140,907 287,0202 493,808 0 0 0 0 0 0 0 0 0 0 0 0 0 0 31,2335 0 1,113 2,5695 19,16175 22,20525 0,3475 0 297,6617 776,395 112,0605 841,6657 2042,369 418,0708 1400,7 435,8375 1107,948 1849,086 2186,871 1265,833 1499,244 1733,836 1155,832 1164,902 1246,762 1018,83 1433,666 2151,507
0 0 0 0 0 0 0 0 0 0 0 0 0 0 0 0 0 0 0 0 0 0 0 0 0 0 0 0 0 0 82,8475 0 0 0 0 0 0 0 0 0 0 0 0 0 0 0 0 11,0835 0 0 0 0 0 0 0 0 0 0 0 0 0 0 0 0 0 0 0 0 170,1277 0 176,8648 42,9005 24,002 481,994 394,6567 453,8528 693,249 489,9147 595,637 1648,096 2185,76 334,3125 168,568 747,2603 1004,932 1114,121 861,2562 1540,83 1719,358 1759,422 895,6875 1236,088 1374,615 1871,215 2233,106 3775,345
0 0 0 0 0 0 0 0 0 0 0 0 0 0 0 0 0 0 0 0 0 0 0 0 0 0 80,18225 16,7625 0 202,483 89,50375 0 0 0 0 0 0 0 0 0 0 0 0 0 0 0 0 0 0 0 0 0 0 0 0 0 0 0 0 0 0 2,66425 9,248 2,88775 0 0 0 0 317,3185 0 625,9285 387,1975 863,6475 175,3017 670,4035 1439,181 1436,569 199,3645 2249,673 2477,3 1510,347 530,6068 1134,228 1390,342 1522,105 1402,317 1621,214 2144,651 1644,753 1171,932 920,208 1054,701 1298,224 2810,715 1996,279 2245,313
0 0 0 0 0 0 0 0 0 0 0 0 0 0 0 0 0 0 0 0 0 0 22,9965 0 0 0 277,2895 279,5035 0 151,8913 0 0 0 0 0 0 0 0 0 0 0,60275 1,2615 0 0 0 0 0 0 0 0 0 0 0 0 16,7195 0 0 0 0 0 179,5018 188,4783 1,77075 1,9505 45,524 212,1173 146,2912 630,5383 708,9045 158,3107 32,5965 1608,087 1271,276 1032,008 1485,846 2053,944 1460,26 769,8808 2747,161 3006,047 1420,313 1000,038 2041,032 1902,619 1965,631 1739,923 2324,853 2177,813 1752,642 1474,11 1206,249 1646,309 2125,841 2890,639 2926,63 2070,85
0 0 0 0 0 0 0 0 0 0 0 0 0 0 0 0 0 0 0 0 0 137,4073 0 0 18,30075 0 691,707 889,7993 0 30,931 0 0 0 0 0 0 0 0 0,907 199,3975 131,6528 148,3757 137,115 0 8,939 0 0 0 0 0 0 0 0 0 38,41925 42,02125 8,950251 0 130,4575 526,5627 394,626 308,779 147,6888 454,372 872,9512 816,5235 776,4413 1211,314 1553,48 1240,48 883,8923 1972,133 2347,084 1875,478 2249,363 1964,801 1099,469 2161,346 3764,944 1500,234 1445,305 1499,999 1848,85 2078,149 2357,834 2057,678 2504,321 2066,315 2567,594 2368,21 2409,165 2690,532 3644,503 3384,837 3075,899 3111,045
0 0 0 0 0 0 0 0 0 0 0 0 0 0 0 0 0 0 0 0 85,63675 71,15974 474,3065 9,40575 184,2385 498,6745 1557,525 729,8643 0 81,71425 0 0 0 0 0 0 0 0 189,1882 167,635 712,2939 243,7128 0 0 0 0,776 0 0 0 0 0 201,6223 187,1882 191,0245 365,0325 0 0 72,46775 245,0243 504,1837 87,64075 485,9627 1961,862 477,219 1133,068 1306,35 1778,076 1624,137 2251,643 2242,823 631,268 1733,952 1414,914 1765,904 1271,689 609,1956 2763,899 4140,002 2044,494 1178,449 1596,83 1762,234 2173,108 2317 2405,225 2313,847 2765,979 3562,445 3131,189 2893,051 1713,083 3489,489 3857,248 2152,353 2624,004 3581,24
0 0 0 0 0 0 0 0 0 0 0 0 0 0 0 0 0 0 0 0 0 130,3335 1490,494 415,951 24,46975 1331,798 2270,24 730,5745 0 0 0 0 0 2,66125 108,7373 7,85975 0,48 122,1828 1199,979 117,936 0 0 0 0 0 0 0 545,318 36,94725 239,2745 945,2812 1125,313 771,6175 693,2698 381,7005 0 0 0 209,3635 293,3058 418,7387 1066,305 683,5413 44,92725 427,9673 1877,976 2203,585 1811,046 1273,073 466,6535 195,368 275,6793 1337,425 1047,448 626,5613 2813,425 4038,812 3147,319 1729,746 2220,343 2266,457 2201,422 2320,178 2514,753 2812,313 3146,419 2826,699 2820,753 3016,405 2447,424 3041,714 3649,55 2781,1 2110,806 3115,908 4083,645
0 0 0 0 0 0 0 0 0 0 0 0 0 0 0 0 0 0 0 0 106,4075 96,38125 515,4357 0 635,1685 344,5227 1866,966 0 0 0 72,526 285,2485 896,7562 1002,003 0 433,6503 498,7122 1062,355 1167,913 0 0 0 0 0,19775 0,1865 121,3152 883,5563 328,0598 6,6445 1429,431 1027,853 1647,022 387,2587 26,82425 34,33075 60,29325 145,1445 97,6535 473,46 115,028 74,30325 386,8075 1111,905 1734,23 97,91125 749,872 1192,411 1307,675 208,3687 314,3585 698,5928 1176,057 844,1943 2330,242 683,7335 476,4205 1132,641 1015,717 1706,263 2034,729 2157,034 2311,249 2590,429 2839,029 3241,848 3116,27 2866,009 2831,429 2718,613 3015,127 3174,768 3035,371 2652,124 2859,33 4713,27 4991,115
0 0 0 0 0 0 0 0 0 0 0 0 0 0 0 0 0 0 112,0835 5,116 372,0632 0 0 0 295,2355 0 0 46,562 0 333,2352 0 0 0 0 0 646,3483 1728,27 1709,738 106,259 507,1237 826,7612 1243,608 113,9923 336,9025 1077,785 1140,041 727,0805 69,1445 1049,324 2366,163 941,4135 805,836 390,2635 971,1245 1300,265 943,5085 929,8085 1193,783 1195,972 1437,173 585,2017 1610,456 1031,758 2279,92 993,5695 228,2092 0 0 513,4813 544,2103 698,8652 980,787 1027,457 1217,499 2421,333 573,8652 1218,39 994,658 943,7692 1877,074 2390,567 2543,385 2840,497 3141,494 3834,327 2769,689 3345,798 3003,743 2840,219 3084,79 3036,198 3087,38 4233,904 2332,801 1364,925 2581,305
0 0 0 0 0 0 0 0 0 0 0 0 0 0 0 0 12,221 42,54475 232,9893 0 0 0 0 0 280,689 0 0 0 0 37,28025 0 0 0 4,6725 152,4453 88,0775 566,3853 674,1875 116,9308 2389,102 1271,736 102,7308 148,5457 21,52075 1430,369 670,78 0 197,3058 1371,302 3039,927 1791,055 1691,402 2013,96 2782,487 2111,19 918,3732 1546,24 2794,696 2433,484 851,0215 2569,653 2868,917 2753,357 1338,773 136,4893 829,5062 585,3123 975,9415 629,5093 780,9442 932,1598 925,501 1001,227 1233,795 1445,64 2128,175 2464,836 673,802 1652,023 1835,957 2584,01 2848,041 3496,96 4463,949 4562,834 650,094 2773,527 2964,01 3008,355 3111,138 3157,649 3014,653 3443,195 3596,435 3557,348 2887,673
0 0 0 0 0 0 0 0 0 0 0 0 0 0 0 0 0 0 121,766 129,91 0 0 0 0 0 28,1945 0 0 0 1,77325 205,839 0 0 0 0 0 218,0225 49,90225 313,4425 799,5692 1,60825 574,393 318,96 267,969 793,372 1126,112 1345,438 2195,891 3022,289 1914,641 3057,039 2345,469 1916,504 636,1163 98,22925 484,4037 1042,715 1839,235 1558,625 3113,03 2626,276 972,3177 313,597 180,7168 101,755 435,7128 783,605 806,0258 678,2455 512,845 586,5652 511,5072 718,1118 1134,453 1713,4 2382,425 2065,646 487,8553 460,2025 1232,284 2139,524 2895,371 2813,57 2553,35 1872,521 252,7483 2157,436 3062,362 3112,953 3027,071 3332,143 3045,728 3636,717 4896,425 2806,322 3760,404
0 0 0 0 0 0 0 0 0 0 0 0 0 0 0 0 0 0 0 0 0 0 0 0 0 0 0 0 0 0 295,6965 0 0 0 0 0 94,333 313,145 357,0472 0 0 1905,213 1587,446 2156,563 2009,828 1739,28 2449,648 2112,063 2548,617 2494,265 299,5625 402,971 283,7963 659,6622 463,7408 1092,441 1235,636 1655,125 214,3472 802,1883 3,5085 276,296 0 371,8098 356,1613 311,1115 667,8788 503,0075 544,0002 505,723 17,597 275,5828 499,3882 1045,829 1665,274 2953,578 1294,833 361,5135 1074,374 2202,899 1743,06 1713,682 2342,343 1622,172 896,845 75,0165 1723,663 3233,91 3000,444 3500,636 3517,525 3444,793 3042,51 1932,175 1570,169 2333,625
0 0 0 0 0 0 0 0 0 0 0 0 0 0 0 0 0 0 0 0 0 0 0 0 0 0 0 0 0 0 0 0 0 0 0 0 59,623 245,3822 0 1041,781 911,1038 1553,166 2109,446 1067,859 1466,394 2634,814 2061,764 2616,614 3341,498 1161,846 794,3083 0 458,8173 0 150,9763 713,3472 721,226 807,5682 1738,934 215,8268 0 49,4425 64,117 537,1998 243,78 332,665 338,3158 258,103 163,8965 610,6068 149,6625 1126,142 678,6533 1008,901 2354,28 2672,607 829,863 1312,356 1014,063 1928,034 2374,109 2491,925 2406,537 1155,896 1904,785 3778,094 0 364,9358 281,669 1013,172 839,4308 1068,088 2184,615 2388,911 564,53 794,0253
0 0 0 0 0 0 0 0 0 0 0 0 0 0 0 0 0 0 0 0 0 0 0 0 0 0 0 0 0 0 0 0 26,7125 0 0 0 0 210,0185 423,6507 77,4245 1848,809 1359,612 386,7332 1761,78 2986,467 2139,14 3236,632 3149,763 951,4535 1214,866 833,7288 966,555 122,234 291,8568 679,8102 894,8705 884,2645 513,3143 557,346 1249,267 0 276,5247 0 245,5665 138,3927 270,2808 169,3257 191,7607 36,19975 794,045 609,7985 341,0858 548,3047 1126,331 2655,177 1622,165 18,17625 1081,128 1101,555 1538,424 1992,431 2384,574 2591,219 778,0472 1647,277 2511,102 1158,84 634,76 207,1933 1300,714 1759,974 2189,908 1700,433 1855,155 735,15 656,7137
0 0 0 0 0 0 0 0 0 0 0 0 0 0 0 0 0 0 0 0 0 0 0 0 0 0 0 0 0 0 0 0 12,32675 0 0 0 0 53,12425 108,501 814,3102 1500,01 1738,932 406,2597 1118,555 1737,756 3347,791 2302,124 680,7025 622,1245 1067,564 447,7795 213,5177 487,9172 728,473 739,7372 700,538 493,9605 207,3885 79,7685 353,7077 34,0125 212,8383 0 11,089 6,79575 36,7915 15,04225 7,30725 24,98825 192,8005 642,904 353,433 346,015 1952,473 1966,335 440,2097 857,9425 513,5698 727,0112 1140,679 1173,561 2511,608 2142,95 873,1565 1909,996 1501,055 359,3855 622,0687 763,5015 893,1613 1100,248 1168,641 371,941 823,0408 816,3032 776,7792
0 0 0 0 0 0 0 0 0 0 0 0 0 0 0 0 0 0 0 0 0 0 0 0 0 0 0 0 0 0 0 0 0 0 6,133 0 0 114,8942 166,9688 1016,768 1393,89 2488,766 1034,502 2248,669 3407,117 4758,502 128,1873 1710,347 613,1605 588,7762 330,6535 266,9175 469,213 598,0853 627,9035 619,787 559,1218 111,7848 0 0 0 0 0 5,43225 0 0 0 0 3,35275 165,505 87,0495 144,829 436,994 2279,602 723,432 352,3663 604,3055 1008,992 1327,602 1463,874 1332,874 1990,676 3235,807 692,9307 1329,458 910,7355 426,275 361,7832 502,7112 859,5828 525,1135 444,1778 772,8965 1462,282 1617,404 987,28
0 0 0 0 0 0 0 0 0 0 0 0 0 0 0 0 0 0 0 0 0 0 0 0 0 0 0 0 0 0 0 0 0 0 0 0 0 25,51575 456,049 1589,307 1973,044 2924,929 1102,064 2525,986 2991,176 1327,613 444,1805 1073,24 801,837 270,5677 100,1115 760,2568 428,975 517,385 537,209 465,858 214,2802 59,259 0 0 0 0 0 0 0 0 0 0 0 88,60725 3,04125 0 575,641 1723,432 129,2892 609,154 649,169 963,9695 1207,228 1456,971 1562,488 1795,337 2453,536 928,0437 669,177 1620,03 134,5708 352,8985 294,403 332,7037 179,6087 698,9853 355,894 941,7185 511,686 398,863
0 0 0 0 0 0 0 0 0 0 0 0 0 0 0 0 0 0 0 0 0 0 0 0 0 0 0 0 0 0 0 0 0 0 0 0 0 461,2183 1172,072 1116,079 2287,989 1896,851 1300,735 905,6645 1550,617 1171,234 622,1755 1262,579 1040,209 892,3375 228,477 834,4618 391,666 396,93 402,2325 347,9908 97,4285 4,193 0 0 0 0 0 0 0 0 4,51225 0 0 0 38,23825 0 500,1375 1989,143 127,243 1200,058 947,6158 929,7653 1249,027 1377,725 1711,128 1872,084 1903,916 2387,461 2735,235 1349,792 409,858 324,2037 298,1505 17,78625 8,014 350,5843 761,52 0 116,3333 0
0 0 0 0 0 0 0 0 0 0 0 0 0 0 0 0 0 0 0 0 0 0 0 0 0 0 0 0 0 0 0 0 0 0 0 0 21,958 905,6262 1540,664 1187,911 2024,868 3359,069 601,5565 993,1663 1728,084 2135,283 1906,669 537,4308 415,1492 1231,333 548,2808 638,109 423,8422 326,869 231,4303 71,47375 0 0 0 0 0 0 0 0 0 0 0 0 0 0 0 0 448,255 292,3165 694,8992 805,7097 865,4115 771,5833 1355,403 1152,704 1159,556 1649,203 2072,513 2786,781 3719,271 320,5235 960,402 414,3337 160,8682 0 0 90,25875 193,7125 0 0 0
0 0 0 0 0 0 0 0 0 0 0 0 0 0 0 0 0 0 0 0 0 0 0 0 0 0 0 0 0 0 0 0 0 0 30,551 188,5253 878,827 1279,111 1792,617 2341,331 1857,701 2242,329 859,5723 1609,233 1433,306 1903,555 1960,297 1345,979 17,51225 421,6687 727,1047 153,855 428,4308 113,4477 21,30575 0 0 0 0 0 0 0 0 0 0 0 0 0 0 0 0 0 66,3765 585,6693 481,6378 161,1497 688,7715 412,961 1266,021 1375,145 2348,595 2675,24 3239,25 3187,111 2784,23 193,5965 820,77 488,746 131,8763 0 0 0 0 0 0 0
0 0 0 0 0 0 0 0 0 0 0 0 0 0 0 0 0 0 0 0 0 0 0 0 0 0 0 0 0 0 0 23,5355 60,35725 55,8785 527,1875 832,0282 1901,282 1273,216 2528,451 2685,686 1944,821 0 1257,457 1539,25 1498,491 1638,159 1513,899 1532,881 992,4167 70,7475 58,28675 0 493,7915 67,28225 0 0 0 0 0 0 0 0 0 0 0 0 0 0 0 0 0 0 25,874 9,43925 438,355 0 938,7675 221,3402 827,1697 2820,651 1861,305 321,0007 1108,61 912,1365 233,2443 364,7653 1369,482 984,3102 760,4648 235,1562 13,67775 0 0 0 0 0
0 0 0 0 0 0 0 0 0 0 0 0 0 0 0 0 0 0 0 0 0 0 0 0 0 0 0 0 0 0 16,086 76,7005 81,514 396,3987 1717,152 1391,443 2055,054 1625,839 2461,422 1120,906 125,5368 1895,64 424,4062 1358,45 1042,969 874,219 1170,983 1169,747 429,145 829,023 960,8177 369,0445 94,87175 31,44325 0 0 0 0 0 0 0 0 0 0 0 0 0 0 0 0 0 0 0 113,7373 202,378 0 682,4213 363,9633 1735,464 2279,129 1245,07 968,7755 1755,259 2823,969 1031,941 376,5583 272,0145 1713,873 47,70175 0 0 0 0 0 0 0
0 0 0 0 0 0 0 0 0 0 0 0 0 0 0 0 0 0 0 0 0 0 0 0 0 0 0 0 0 0 0 0 0 0 321,5558 1165,901 2158,24 2202,095 999,955 1002,568 1190,912 1947,892 1896,127 1156,332 280,5778 148,1575 477,9148 900,5422 2149,528 292,1393 40,011 367,1725 326,819 0 0 0 0 0 0 0 0 0 0 0 0 0 0 0 0 0 0 0 132,3582 196,205 1,2635 0 110,5467 167,4538 2002,855 0 0 1431,919 1583,227 2433,877 1418,358 1480,079 164,4845 720,2255 108,885 58,48275 55,10225 0 0 0 0 0
0 0 0 0 0 0 0 0 0 0 0 0 0 0 0 0 0 0 0 0 0 0 0 0 0 0 0 0 0 0 0 0 0 287,855 553,6875 0 895,0309 1681,176 236,4355 994,9767 877,7318 1452,61 2356,61 369,8763 446,3695 199,6257 676,808 511,8965 667,5805 1053,362 389,867 0 0 0 0 0 0 0 0 0 0 0 0 0 0 0 0 0 0 0 0 0 134,5775 15,084 0 0 0 293,4247 1124,538 1034,499 1212,328 1325,427 1599,895 2738,642 400,9603 799,1138 271,232 430,1218 249,6685 67,23475 0 62,7505 0 0 0 0
0 0 0 0 0 0 0 0 0 0 0 0 0 0 0 0 0 0 0 0 0 0 0 0 0 0 0 0 0 0 0 0 0 83,16925 1115,898 378,606 662,381 742,8892 202,5145 781,1248 694,7662 631,4473 1921,79 571,423 872,8525 528,3525 527,2568 455,9172 87,597 0 0 267,1252 0 0 0 0 0 0 0 0 0 0 0 0 0 0 0 0 0 0 0 0 0 0 0 0 47,575 412,2525 1453,511 157,072 681,16 987,0842 1624,53 3029,69 772,1008 623,6962 0 625,2332 1146,464 1247,524 909,8032 362,7035 0 0 0 0
0 0 0 0 0 0 0 0 0 0 0 0 0 0 0 0 0 0 0 0 0 0 0 0 0 0 0 0 0 0 0 0 102,4465 305,023 1538,845 611,176 953,7158 1583,08 199,3427 875,042 1058,222 842,3665 452,201 897,2005 432,8907 990,2858 496,552 474,2095 360,236 0 0 0 0 0 0 0 0 0 0 0 0 0 0 0 0 0 0 0 0 0 0 0 0 47,51525 8,3195 0 362,4822 375,1608 1201,781 746,5707 553,2735 894,979 1784,916 2775,913 1839,014 1531,128 0 0 0 0 0 0 0 0 0 0
0 0 0 0 0 0 0 0 0 0 0 0 0 0 0 0 0 0 0 0 0 0 0 0 0 0 0 0 0 0 0 0 322,1675 105,124 1629,043 539,1285 795,5815 2235,391 178,1693 513,4855 1349,335 957,9902 866,8823 914,5438 809,8043 659,989 869,7065 438,872 0 134,526 0 0 0 0 0 0 0 0 0 0 0 0 0 0 0 0 0 0 0 0 0 0 0 77,403 0 0 81,56875 32,23925 249,3525 475,8545 1148,41 1676,843 2434,436 2999,911 1196,756 0 422,0955 115,09 284,682 221,314 0 0 0 0 0 0
0 0 0 0 0 0 0 0 0 0 0 0 0 0 0 0 0 0 0 0 0 0 0 0 0 0 0 0 0 0 0 0 167,5675 122,9033 1057,469 15,211 99,7395 1641,151 1678,806 14,22525 1136,948 1220,465 992,6232 1059,748 917,0443 800,5858 564,5865 393,732 163,7377 0 0 0 0 0 0 0 0 0 0 0 0 0 0 0 0 0 0 0 0 0 0 0 0 19,38525 0 0 53,867 727,274 401,702 904,6542 1937,031 1700,928 2752,337 0 779,5035 643,8995 354,5105 488,6365 1,8985 0 10,197 0 0 0 0 0
0 0 0 0 0 0 0 0 0 0 0 0 0 0 0 0 0 0 0 0 0 0 0 0 0 0 0 0 0 0 0 0 67,902 0 350,5772 0 25,61525 520,2177 1850,335 0 90,1785 847,179 926,2265 833,0648 888,7755 690,766 400,3885 109,7643 2,317 0 0 0 0 0 0 0 0 0 0 0 0 0 0 0 0 0 0 0 0 0 0 0 149,3353 0 0 167,6478 230,6945 0 757,4288 1162,782 1600,738 1903,31 353,29 763,1865 104,0325 547,539 598,9982 514,8945 0 0 0 0 0 0 0 0
0 0 0 0 0 0 0 0 0 0 0 0 0 0 0 0 0 0 0 0 0 0 0 0 0 0 0 0 0 0 0 0 0 72,224 171,8115 0 0 33,5285 1234,595 720,8583 136,8438 639,1122 712,677 366,779 666,9158 368,197 133,6673 0 0 0 0 0 0 0 0 0 0 0 0 0 0 0 0 0 0 0 0 0 0 0 0 0 151,6642 0 7,18525 0 0 0 174,594 444,2225 14,24725 1450,637 0 553,1602 156,7635 0 11,5065 766,413 0 0 0 0 0 0 0 0
0 0 0 0 0 0 0 0 0 0 0 0 0 0 0 0 0 0 0 0 0 0 0 0 0 0 0 0 0 0 0 0 0 85,601 269,3155 0 0 0 471,004 513,5075 1258,022 575,6893 647,9348 151,711 416,8037 102,8972 0 0 0 56,53875 0 0 0 0 0 0 0 0 0 0 0 0 0 0 0 0 0 0 0 0 0 0 0 0 0 0 0 58,4725 160,2278 231,645 1074,238 838,2747 168,5465 836,8605 383,8412 0 0 271,46 105,7637 0 0 0 0 0 0 0
0 0 0 0 0 0 0 0 0 0 0 0 0 0 0 0 0 0 0 0 0 0 0 0 0 0 0 0 0 0 0 0 0 0 0 0 93,9735 0 0 259,1707 828,7158 2422,605 483,6235 401,1152 252,4745 0 0 0 0 0 0 0 0 0 0 0 0 0 0 0 0 0 0 0 0 0 0 0 0 0 0 0 0 0 0 0 1,399 106,8167 238,7753 437,3568 955,4532 1816,43 906,7405 0 662,3613 183,3755 0 0 82,419 172,7375 0 0 0 0 0 0
0 0 0 0 0 0 0 0 0 0 0 0 0 0 0 0 0 0 0 0 0 0 0 0 0 0 0 0 0 0 0 0 0 0 0 0 0,94925 0 169,5715 150,0307 502,824 2280,053 0 788,7845 190,269 82,8055 45,33675 8,437 0 0 0 0 0 0 0 0 0 0 0 0 0 0 0 0 0 0 0 0 0 0 0 0 0 0 0 0 16,2 0 9,2815 513,3535 533,1645 880,6855 0 0 96,78525 0 0 0 0 18,7435 0 0 0 0 0 0
0 0 0 0 0 0 0 0 0 0 0 0 0 0 0 0 0 0 0 0 0 0 0 0 0 0 0 0 0 0 0 0 0 0 0 0 0 0 439,746 0 123,7818 1748,262 330,5378 0 717,5015 60,7345 91,92375 0 0 0 0 0 0 0 0 0 0 0 0 0 0 0 0 0 0 0 0 0 0 0 0 0 0 0 0 0 0 0 177,229 310,9465 344,9847 836,3515 79,831 16,9255 0 0 0 0 0 0 0 0 0 0 0 0
0 0 0 0 0 0 0 0 0 0 0 0 0 0 0 0 0 0 0 0 0 0 0 0 0 0 0 0 0 0 0 0 0 79,624 0 0 0 0 200,8685 0 726,4482 1797,195 493,4835 665,3118 754,4375 112,3918 214,2818 0 0 0 0 0 0 0 0 0 0 0 0 0 0 0 0 0 0 0 0 0 0 0 0 0 0 0 0 0 0 123,7222 0 119,2583 176,9707 1001,031 0 0 27,38125 0 0 0 0 0 0 0 0 0 0 0
0 0 0 0 0 0 0 0 0 0 0 0 0 0 0 0 0 0 0 0 0 0 0 0 0 0 0 0 0 0 0 106,4987 0 0 0 0 0 0 30,92675 140,5715 754,3965 1265,405 1208,357 999,5463 1285,753 324,0923 496,328 58,76175 0 0 0 0 0 0 0 0 0 0 0 0 0 0 0 0 0 0 0 0 0 0 0 0 0 0 0 0 0 0 0 10,37025 210,0392 422,1405 0 0 0 0 0 0 0 0 0 0 0 0 0 0
0 0 0 0 0 0 0 0 0 0 0 0 0 0 0 0 0 0 0 0 0 0 0 0 0 0 0 0 0 0 0 43,29625 0 0 0 0 0 0 100,3357 436,5443 774,1492 989,4357 2684,161 674,6725 1706,921 722,5298 643,9655 251,864 207,0947 0 0 0 0 0 0 0 0 0 0 0 0 0 0 0 0 0 0 0 0 0 0 0 0 0 0 0 0 0 0 107,8205 80,76375 515,4708 0 0 0 0 0 0 0 0 0 0 0 0 0 0
0 0 0 0 0 0 0 0 0 0 0 0 0 0 0 0 0 0 0 0 0 0 0 0 0 0 0 0 0 0 0 205,2298 0 0 0 0 0 0 196,0655 1556,893 887,083 742,4152 1942,614 1856,545 766,0873 856,6515 709,143 395,5898 396,0577 101,7198 0 30,96025 0 0 0 0 569,601 96,93875 0 0 0 0 0 0 0 0 0 0 0 0 0 0 0 0 0 0 0 0 0 0 37,51975 637,5737 0 0 0 0 0 0 0 0 0 0 0 0 0 0
0 0 0 0 0 0 0 0 0 0 0 0 0 0 0 0 0 0 0 0 0 0 0 0 0 0 0 0 0 0 0 0 0 0 0 0 0 0 806,13 813,725 493,7692 1061,598 2208,428 3068,816 455,8027 1807,964 2476,615 1808,929 701,8032 990,7385 1093,825 491,4648 685,5692 457,8448 434,1428 828,051 676,7075 183,6885 0 0 0 0 0 0 0 0 0 0 0 0 0 0 0 0 0 0 0 0 0 0 111,6198 147,8898 0 0 0 0 0 0 0 0 0 0 0 0 0 0
