rofental/data/rofental/firn_we_rofental_50.asc
ncols         644
nrows         451
xllcorner     622802,488
yllcorner     5177999,379
cellsize      50
NODATA_value  -9999
[rows 200 to 249 of 451, columns 96 to 191 of 644]
0 0 0 0 0 0 0 0 0 0 0 0 0 0 0 0 0 0 0 0 0 0 0 0 0 0 0 0 1164,449 0 0 0 0 0 0 0 0 0 0 0 0 0 0 0 0 0 0 0 0 0 0 0 0 0 0 0 0 0 0 0 0 0 0 0 0 0 0 0 0 0 0 0 0 893,536 0 0 1341,365 2458,47 0 0 1909,707 1833,839 2336,207 1340,763 100,272 0 0 0 0 0 0 0 0 0 0 0
0 0 0 0 0 0 0 0 0 0 0 0 0 0 0 0 0 0 0 0 0 0 0 0 0 0 0 615,854 191,625 219,417 0 0 0 0 0 0 0 0 0 0 0 0 0 0 0 0 0 0 0 0 0 0 0 0 0 0 0 0 0 0 0 0 285,831 0 0 0 0 0 0 0 0 843,87 0 2068,991 0 0 1545,229 1890,415 0 0 2189,958 1595,344 1604,388 1150,041 226,898 180,747 0 0 0 0 0 0 0 0 0 0
0 0 0 0 0 0 0 0 0 0 0 0 0 0 0 0 0 0 0 0 0 0 0 0 0 0 0 498,342 0 0 0 0 0 0 0 0 0 0 0 0 0 0 0 0 0 0 0 0 0 0 0 0 0 0 0 0 0 0 0 0 0 0 282,54 0 0 0 0 0 0 0 879,845 90,922 197,638 0 0 49,255 1751,615 1948,046 2097,883 1138,985 0 1004,43 708,901 795,169 365,742 191,334 0 0 0 0 0 0 0 0 0 0
0 0 0 0 0 0 0 0 0 0 0 0 0 0 0 0 0 0 0 0 0 0 0 0 0 0 0 880,885 855,273 0 0 0 0 0 0 0 0 0 0 0 0 0 0 0 0 0 0 0 0 0 0 0 0 0 0 0 0 0 0 0 0 326,505 0 0 0 0 0 0 0 502,804 1267,257 177,143 0 0 0 585,547 1573,352 2627,462 1370,26 1051,412 0 698,877 234,858 370,858 76,668 85,309 0 0 0 20,532 0 0 0 0 0 0
0 0 0 0 0 0 0 0 0 0 0 0 0 0 0 0 0 0 0 0 0 0 0 0 0 0 42,624 0 0 0 0 0 0 0 0 0 0 0 0 0 0 0 0 0 0 0 0 0 0 0 0 0 0 0 0 0 0 0 0 0 397,504 530,437 0 0 0 0 0 0 495,392 1343,269 0 1411,016 0 0 378,959 1073,727 2704,138 2176,239 2452,02 0 0 518,737 770,431 592,618 85,402 24,6 0 18,463 134,151 59,081 33,664 0 0 0 0 0
0 0 0 0 0 0 0 0 0 0 0 0 0 0 0 0 0 0 0 0 0 0 0 0 0 0 278,369 959,152 0 0 0 0 0 0 0 0 0 0 0 0 0 0 0 0 0 0 0 0 0 0 0 0 0 0 0 0 0 0 373,193 0 473,779 0 0 753,518 193,253 0 319,718 0 1398,344 1096,217 113,173 1369,819 1366,292 0 577,384 1075,393 1889,764 1073,123 3286,712 792,854 0 1618,045 1513,121 1163,63 874,406 208,89 196,764 318,692 215,794 83,336 65,838 4,955 0 0 0 0
0 0 0 0 0 0 0 0 0 0 0 0 0 0 0 0 0 0 0 0 0 0 0 0 265,764 0 0 0 67,803 0 0 0 115,289 0 0 0 0 0 0 0 0 0 0 0 0 0 0 0 0 0 0 0 0 0 0 0 148,741 258,273 223,01 0 237,344 191,564 1573,187 639,34 0 441,59 317,039 530,266 503,911 682,491 1507,379 2634,013 0 94,282 1078,537 861,991 2119,492 1983,701 3461,7 2895,997 0 918,513 2552,631 2409,909 956,381 0 169,645 552,566 182,675 121,469 44,017 4,46 0 48,261 0 0
0 0 0 0 0 0 0 0 0 0 0 0 0 0 0 0 0 0 0 0 0 41,453 230,311 0 941,434 0 0 373,294 0 0 0 0 0 0 0 0 0 0 0 0 0 0 0 0 0 0 0 0 0 0 0 0 0 0 0 44,402 319,098 394,742 0 30,19 543,666 1721 1026,117 0 24,88 342,015 18,685 745,324 763,557 1275,952 1351,494 2529,276 517,611 1460,829 1853,413 1476,301 2836,153 3366,881 3674,527 2697,455 0 0 0 1673,533 0 0 1141,757 399,728 220,498 88,614 5,348 109,702 115,267 106,885 44,543 0
0 0 0 0 0 0 0 0 0 0 0 0 0 0 0 0 0 0 0 0 0 0 0 0 0 0 0 0 0 0 0 0 0 108,656 694,756 0 0 0 0 0 0 0 0 0 0 0 0 0 0 0 0 0 0 0 0 424,199 271,727 535,473 413,865 390,177 1753,312 1304,939 364,591 216,84 434,818 56,334 0 1549,083 1289,978 1317,679 1887,831 3364,26 1644,308 2326,82 1739,471 1173,585 3966,166 2407,852 3775,092 1522,239 0 526,754 871,546 80,588 0 86,805 695,053 248,979 40,571 0 0 499,011 303,446 198,258 0 0
0 0 0 0 0 0 0 0 0 0 0 0 0 0 0 0 0 0 0 0 0 0 0 0 0 0 0 0 0 0 0 0 0 0 0 0 0 0 707,116 0 0 0 0 0 0 0 0 0 0 0 0 0 0 0 342,814 680,936 783,848 757,414 1147,567 1164,448 2697,9 0 364,606 1207,182 575,394 728,021 0 2296,896 1766,01 2910,014 1465,47 2855,484 1866,272 875,798 780,626 2960,704 3139,986 4260,113 0 0 0 1327,086 901,099 303,182 0 243,933 222,066 53,215 0 0 576,946 609,76 375,428 205,644 55,184 0
0 0 0 0 0 0 0 0 0 0 0 0 0 0 0 0 0 0 0 0 0 0 0 0 0 0 0 0 0 366,682 0 0 0 0 0 0 0 0 0 0 584,333 165,734 0 0 0 0 0 252,874 71,378 0 0 0 0 297,883 876,575 1602,811 1261,828 1167,896 1718,676 2127,297 2484,753 340,851 1075,229 1487,216 1242,538 524,662 422,68 2557,395 2914,844 2770,379 2120,832 2946,194 1574,297 1135,915 1969,783 3302,281 3834,943 4425,254 0 0 1982,422 988,356 751,896 296,858 0 245,748 62,141 0 0 504,544 872,921 610,122 405,393 199,976 102,418 97,582
0 0 0 0 0 0 0 0 0 0 0 0 0 0 0 0 0 0 0 0 0 0 0 0 0 0 0 0 363,624 0 0 0 0 0 0 0 0 0 0 0 0 0 2,585 320,364 0 0 0 634,779 0 46,523 22,842 0 16,963 527,669 1639,669 1966,525 1008,227 1176,845 692,817 1377,057 2539,21 1643,833 1442,016 718,967 1594,27 1556,727 1489,435 2323,025 3445,901 2125,017 2624,918 3937,801 1809,421 1534,567 2978,879 3975,276 4553,646 3448,365 0 855,744 1380,573 774,824 649,323 365,174 57,516 290,1 0 0 0 885,36 1048,794 730,462 393,548 266,826 227,003 274,692
0 0 0 0 0 0 0 0 0 0 0 0 0 0 0 0 0 0 0 0 0 0 0 0 0 0 0 0 0 0 0 0 0 0 0 0 0 0 0 0 606,376 0 0 92,195 0 186,593 156,858 185,059 617,972 0 0 758,51 970,471 1380,514 2132,284 852,184 2136,638 381,089 113,837 2116,127 2616,084 2343,396 1767,763 1213,913 2340,571 3217,314 2756,404 2751,167 2151,488 3010,315 2255,539 3191,958 2553,994 2981,158 3007,181 3431,87 4285,23 0 0 1124,884 1267,247 749,585 604,818 270,768 144,739 260,003 0 0 11,18 1086,56 1046,037 688,192 525,782 403,114 381,417 383,595
0 0 0 0 0 0 0 0 0 0 0 0 0 0 0 0 0 0 0 0 0 0 0 0 0 0 206,2 0 0 0 0 0 0 0 0 0 0 0 0 266,285 0 0 0 0 0 0 0 839,569 0 505,004 1323,174 1241,317 875,074 1032,916 1972,255 2168,892 1757,391 0 245,979 4026,282 0 1430,56 1941,82 730,968 3204,985 3210,032 3957,425 3899,939 3362,97 3129,988 3263,477 3437,438 3486,675 1880,728 859,812 1742,959 528,552 0 557,465 1366,22 1352,646 849,07 595,168 338,908 444,248 360,259 162,399 618,327 1041,398 1438,151 951,985 750,316 669,273 610,222 361,601 550,46
0 0 0 0 0 0 0 0 0 0 0 0 0 0 0 0 0 0 0 0 0 0 0 0 0 0 0 0 0 0 0 0 0 0 0 0 0 0 0 477,422 0 0 0 0 0 51,222 180,489 566,482 1214,011 1141,266 1711,388 1043,85 1312,838 1370,272 2160,768 3260,313 1391,561 0 1386,854 3757,091 1456,582 936,431 2924,429 0 4309,117 1421,172 3379,28 2780,724 3104,453 3073,713 4439,399 4440,975 3400,218 536,359 1300,603 523,13 0 719,565 52,099 749,715 990,792 735,989 392,958 74,994 86,621 45,794 151,955 664,386 1143,437 1433,624 1067,217 975,693 866,569 666,435 351,409 449,648
0 0 0 0 0 0 0 0 0 0 0 0 0 0 0 0 0 0 0 0 0 0 0 0 0 0 0 0 0 0 0 0 0 0 0 0 0 0 0 0 0 0 0 0 449,933 1314,869 625,075 1207,672 2108,455 1114,589 984,319 1221,745 1389,503 2614,03 3159,341 3220,02 0 69,511 2763,782 4260,738 1438,277 312,625 1688,743 1123,289 1039,629 2205,754 3935,075 2994,353 3198,333 1456,131 1769,326 3182,718 0 824,453 198,763 0 0 178,573 325,262 492,856 360,977 751,893 407,154 195,262 420,594 176,999 519,831 825,153 1366,274 1441,932 1202,11 1130,157 1039,261 757,802 431,708 528,413
0 0 0 0 0 0 0 0 0 0 0 0 0 0 0 0 0 0 0 0 0 0 0 0 0 0 0 0 716,962 0 0 0 0 0 0 0 0 0 0 0 0 46,911 506,177 0 1832,865 2454,615 1,216 1284,353 2758,226 1243,151 1212,018 1752,586 2301,145 2669,208 2712,872 2273,693 184,96 1500,756 3337,554 3353,844 1407,731 1518,826 2043,007 1291,336 766,226 3339,465 4711,029 2784,475 2673,926 2539,438 1620,114 1641,13 1543,964 2261,729 1898,5 1121,586 1047,767 1216,888 684,813 87,437 745,914 487,499 502,024 612,383 584,545 564,514 813,703 1083,798 1359,805 1538,979 1480,233 1410,13 992,092 802,966 841,237 609,548
0 0 0 0 0 0 0 0 0 0 0 0 0 0 0 0 0 0 0 0 0 0 0 0 0 0 0 0 0 0 0 0 0 0 0 0 0 0 0 0 0 0 12,623 0 0 1602,61 501,351 1088,752 2586,026 1742,234 1735,524 2043,766 3162,389 2508,668 2107,895 1000,729 907,489 2284,838 3306,13 3886,012 2239,082 2201,333 1555,273 1336,595 422,772 2962,954 1451,041 1963,495 2659,27 2718,327 1904,08 1794,732 1988,539 1970,46 1729,997 1466,418 1115,712 847,912 661,67 869,824 1076,835 766,533 931,667 1080,207 809,163 824,974 901,42 1043,892 1185,575 1482,542 1636,442 1278,54 890,486 960,705 923,558 745,824
0 0 0 0 0 0 0 0 0 0 0 0 0 0 0 0 0 0 0 0 0 0 0 0 0 0 0 0 0 0 0 0 0 0 0 0 0 0 0 0 0 493,023 0 814,633 1928,277 0 809,473 0 2214,061 1294,321 1704,223 2564,341 3614,272 2389,514 548,648 659,96 2378,475 3754,391 4230,611 4301,12 2619,656 0 110,561 0 1178,835 1100,215 705,962 780,253 2376,132 2644,073 1990,611 1987,881 1981,657 1896,389 1697,048 1311,667 1147,771 816,989 941,349 1062,674 1004,939 1065,061 1046,275 1178,337 843,562 731,103 726,961 887,805 1136,374 1471,676 1469,029 946,328 1527,528 831,157 936,14 743,536
0 0 0 0 0 0 0 0 0 0 0 0 0 0 0 0 0 0 0 0 0 0 0 0 0 0 0 0 0 0 0 0 0 0 0 0 0 0 0 0 0 0 785,6 0 0 0 289,616 0 0 0 0 0 0 0 0 0 1899,868 2112,509 0 0 787,683 1605,518 2516,501 371,738 315,34 1294,413 1121,337 858,356 2059,247 3029,94 2653,331 2204,113 2035,157 2089,188 1821,16 1614,346 1521,229 1556,458 1649,436 1281,202 1082,4 1062,853 874,564 934,906 823,913 681,875 700,481 981,745 1273,938 1439,596 1270,432 1117,729 1043,832 845,825 806,594 716,872
0 0 0 0 0 0 0 0 0 0 0 0 0 0 0 0 0 0 0 0 0 0 0 403,614 0 0 116,781 0 0 0 0 0 0 0 0 0 0 0 0 0 0 0 0 0 0 0 784,979 0 0 0 0 0 1249,661 0 0 497,601 1712,63 1044,63 0 86,696 1898,876 3489,088 1836,681 3673,183 219,048 1272,872 1388,835 1078,132 1276,255 1631,977 763,787 2588,336 3007,37 2167,96 2345,376 2071,594 1768,984 1842,895 1800,153 1556,264 1230,382 991,187 794,503 724,693 873,211 744,485 863,735 1210,898 1501,182 1396,361 1211,007 1087,895 1011,516 979,378 773,783 674,458
0 0 0 0 0 0 0 0 0 0 0 0 0 0 0 0 0 0 0 0 0 0 0 0 0 0 0 0 0 0 0 0 0 0 0 0 0 0 0 0 0 0 0 179,779 322,58 0 447,561 0 0 0 0 1297,526 2436,69 0 482,247 976,425 1666,483 2551,829 2703,041 2566,067 764,825 1144,444 3725,173 2012,647 0 1538,225 1124,131 557,313 14,603 0 1397,239 520,132 2498,537 2120,158 2067,377 2056,974 1955,464 1217,955 1444,615 1965,311 1282,91 870,864 665,874 637,489 914,354 988,58 1226,849 1337,656 1416,585 1307,129 1179,082 1074,863 1055,942 937,639 659,686 557,633
0 0 0 0 0 0 0 0 0 0 0 0 0 0 0 0 0 0 0 0 0 0 0 387,927 0 0 0 0 0 0 0 0 0 0 0 0 0 0 0 0 186,887 0 0 0 0 112,357 1136,731 0 0 0 447,061 845,087 2564,823 0 1537,709 1281,695 1595,181 1450,91 2785,546 701,178 0 3664,572 1256,879 665,033 0 1446,845 685,206 455,081 962,097 2765,318 2731,274 2201,599 2245,848 1903,689 1807,159 1980,06 2085,76 1356,043 1409,565 2002,916 1123,133 491,895 661,009 1060,224 1573,446 1428,496 1232,611 1258,364 1333,131 1234,753 1171,11 1145,919 1061,462 875,649 578,885 404,264
0 0 0 0 0 0 0 0 0 0 0 0 0 0 0 0 0 0 0 0 0 0 0 0 0 0 0 0 0 0 0 0 0 0 0 0 0 0 0 0 28,829 0 76,318 0 0 0 627,402 0 0 0 179,194 455,181 1823,353 0 1081,782 1184,662 1468,217 1619,329 2349,529 3038,248 2543,894 3241,375 562,912 2610,319 0 1040,003 976,066 1852,087 2614,193 2567,5 2153,396 2073,258 1980,018 1924,159 1817,938 1885,645 1984,966 1746,236 1586,581 744,189 1133,837 995,836 1792,935 2218,317 1531,015 1289,964 1190,991 1193,277 1207,979 1227,238 1256,222 1194,958 1045,712 844,033 473,762 319,873
0 0 0 0 0 0 0 0 0 0 0 0 0 0 0 0 0 0 0 0 0 0 0 0 0 0 0 0 0 0 0 0 0 0 0 0 0 0 0 0 0 77,404 0 0 0 0 408,735 934,123 0 0 137,688 445,532 632,176 611,669 715,876 1102,333 1524,514 1678,571 1823,96 3630,204 1639,383 2263,146 3162,179 2699,982 307,948 1401,347 1569,162 2033,273 2381,77 2264,645 2202,251 2177,898 2013,094 2022,893 1993,056 1921,416 1801,695 1959,196 1215,777 755,644 1518,214 1903,717 1657,724 1810,683 1364,527 1394,675 1260,552 1237,243 1415,082 1466,677 1287,072 1162,406 1048,998 827,807 381,409 132,592
0 0 0 0 0 0 0 0 0 0 0 0 0 0 0 0 0 0 0 0 0 0 0 0 0 0 0 0 0 0 0 0 0 0 0 0 0 0 0 0 0 476,96 0 0 0 0 22,236 1016,003 0 38,378 0 710,059 434,336 417,52 705,233 1232,684 1563,677 1738,081 1879,061 2773,677 3726,426 991,164 2944,369 2966,508 0 1275,707 1837,555 2117,625 2293,208 2354,296 2359,265 2454,382 2465,339 2444,861 2560,81 2449,518 2228,722 1971,369 1373,083 1982,737 2233,563 1630,004 1283,142 1779,674 1732,383 2188,117 1802,481 1777,67 1696,349 1481,981 1344,201 1296,773 1278,222 762,151 315,799 408,873
0 0 0 0 0 0 0 0 0 0 0 0 0 0 0 0 0 0 0 0 0 0 0 0 0 0 0 0 0 0 0 0 0 0 0 0 0 0 0 0 0 0 0 0 0 0 503,364 0 0 0 0 549,189 493,538 571,625 904,904 1420,736 1552,173 1725,241 2643,349 4145,69 0 3591,085 3970,453 2583,791 0 1265,8 1099,095 1949,301 2281,464 2371,685 2390,081 2471,241 2305,735 2425,211 2553,77 2458,841 2517,202 1947,648 1584,733 1586,686 1858,668 1166,329 1164,216 1671,539 1580,647 2378,5 2477,896 1791,254 1486,225 1672,157 1927,298 2080,822 1589,874 657,762 193,414 740,677
0 0 0 0 0 0 0 0 0 0 0 0 0 0 0 0 0 0 0 0 0 0 0 0 0 0 0 0 0 0 0 0 0 0 0 0 0 0 0 0 0 0 0 0 0 0 0 0 0 0 0 62,761 226,981 543,319 1208,804 1517,13 1800,973 2093,128 3571,776 2433,281 3438,027 2772,1 0 0 438,729 507,49 1335,292 2345,426 2439,065 2428,042 2246,017 2250,608 2261,693 2521,129 2267,221 2264,853 2822,167 2270,415 2200,348 2252,77 2049,271 1373,496 1505,53 1895,323 1987,257 2481,156 2296,078 1643,312 1837,649 2376,92 2467,762 2322,406 1631,531 667,29 621,449 1883,47
0 0 0 0 0 0 0 0 0 0 0 0 0 0 0 0 0 0 0 0 0 0 0 0 0 0 0 0 0 0 0 0 0 0 0 0 0 0 0 0 0 0 0 0 0 0 0 0 0 0 0 0 369,438 345,415 1428,838 2099,789 2415,308 2758,295 3933,912 3452,652 0 0 0 66,059 0 715,837 1912,589 2298,305 2325,989 2106,851 2027,995 2208,092 2400,042 2250,508 2089,94 1940,708 2513,177 2133,912 2268,702 2342,645 1990,898 2452,828 2228,807 2280,67 2349,98 2091,606 1951,908 1873,329 2035,428 2584,687 2224,538 2279,941 1563,427 762,414 1550,835 1701,556
0 0 0 0 0 0 0 0 0 0 0 0 0 0 0 0 0 0 0 0 0 0 0 0 0 0 0 0 0 0 0 0 0 0 0 0 0 0 0 0 0 0 0 0 0 0 0 0 0 0 0 310,521 1695,04 1361,65 1823,676 3026,548 3103,074 3838,417 3610,976 0 0 2107,565 517,903 3273,189 0 39,232 1365,835 2165,636 1981,738 1691,295 1885,579 2291,651 2357,282 2179,264 2064,176 2172,434 2330,277 2222,53 2308,768 2271,223 2207,202 2467,977 2095,74 3088,358 2492,002 2033,521 1779,768 2241,458 2360,487 2871,377 2030,183 2102,717 1283,005 843,796 1377,164 1818,134
0 0 0 0 0 0 0 0 0 0 0 0 0 0 0 0 0 0 0 0 0 0 0 0 0 0 0 0 0 0 0 0 0 0 0 0 0 0 0 0 0 0 0 0 0 0 0 0 0 0 0 1099,508 2257,081 1781,108 0 0 0 0 0 0 2285,152 0 2274,448 0 3283,352 0 455,255 1436,808 1297,019 1499,727 2113,393 2414,778 2358,5 2038,554 2161,027 2301,021 2430,52 2495,608 2230,808 2293,237 2094,064 2256,735 2053,444 3207,27 2556,593 2200,867 2122,986 2234,683 2210,148 2842,56 2066,576 1433,056 1167,533 972,867 1452,555 2011,958
0 0 0 0 0 0 0 0 0 0 0 0 0 0 0 0 0 0 0 0 0 0 0 0 0 0 0 0 0 0 0 0 0 0 0 0 0 0 0 0 0 0 0 0 0 0 0 0 0 0 78,994 2590,156 0 0 0 706,127 2320,003 0 0 1611,867 0 0 2325,758 0 3221,577 3301,709 0 380,811 865,141 1826,812 2372,122 2460,225 2089,629 2045,724 2349,924 2635,141 2672,561 2539,582 2232,253 2171,14 2505,326 2230,555 2422,938 2981,372 2469,937 2267,102 2269,865 2130,351 2180,017 2232,27 1752,895 1458,405 1284,717 992,491 1718,55 2059,474
0 0 0 0 0 0 0 0 0 0 0 0 0 0 0 0 0 0 0 0 0 0 0 0 0 0 0 0 0 0 0 0 0 0 0 0 0 0 0 0 0 0 0 0 0 0 0 0 0 91,127 1584,467 596,217 926,507 0 0 0 1507,824 1358,493 0 371,981 0 0 1882,467 2593,274 0 0 919,436 0 761,41 1731,893 2468,487 2194,693 1849,011 2194,956 2632,115 2937,604 2612,537 2506,847 2487,796 2394,567 2437,116 2228,417 2509,24 2616,062 2289,278 2350,987 2224,645 2094,814 2001,417 1824,636 1679,637 1520,313 1293,124 993,024 1964,719 1858,927
0 0 0 0 0 0 0 0 0 0 0 0 0 0 0 0 0 0 0 0 0 0 0 0 0 0 0 0 0 0 0 0 0 0 0 0 0 0 0 0 0 0 0 0 0 0 0 0 0 644,17 1542,432 298,466 1993,081 0 0 0 0 1364,452 0 660,259 0 0 1611,234 1536,594 931,7 1639,641 2909,963 0 820,855 1834,714 1853,692 1729,497 2106,411 2576,31 2961,067 2675,023 2481,95 2544,244 2601,621 2533,99 2329,984 2264,535 2444,142 2342,347 2105,254 2373,553 2167,543 2030,855 1870,439 1752,816 1625,403 1560,273 1266,85 1593,893 1738,958 1847,939
0 0 0 0 0 0 0 0 0 0 0 0 0 0 0 0 0 0 0 0 0 0 0 0 0 0 0 0 0 0 0 0 0 0 0 0 0 0 0 0 0 0 0 0 0 0 0 0 1020,702 0 197,502 1844,145 0 0 0 0 0 0 0 655,1 0 0 1860,631 0 2212,269 618,762 1199,627 0 2439,282 2356,213 1753,141 1925,588 1945,918 2999,958 2534,094 2395,41 2526,693 2557,591 2539,846 2533,487 2384,064 2332,01 2297,249 2135,935 2085,056 2198,526 2169,455 1927,568 1792,234 1804,107 1631,021 1646,975 1570,011 1529,812 1550,238 1711,416
0 0 0 0 0 0 0 0 0 0 0 0 0 0 0 0 0 0 0 0 0 0 0 0 0 0 0 0 0 0 0 0 0 0 0 0 0 0 0 0 0 0 0 0 0 0 0 0 859,517 0 0 1977,699 0 0 0 0 0 0 0 0 892,088 0 972,996 1291,317 0 720,711 827,849 0 2888,431 2136,123 0 2059,376 2579,91 2383,873 2139,444 2261,415 2500,47 2397,735 2468,138 2520,061 2371,031 2296,946 2205,001 2039,995 2077,151 2087,872 2031,948 1777,713 1703,256 1857,334 1783,255 1742,352 1626,557 1517,023 1548,217 1539,899
0 0 0 0 0 0 0 0 0 0 0 0 0 0 0 0 0 0 0 0 0 0 0 0 0 0 0 0 0 0 0 0 0 0 0 0 0 0 0 0 0 0 0 0 0 0 0 631,832 883,265 1016,587 1599,413 0 0 0 0 0 0 0 0 0 598,281 0 650,197 0 44,715 0 1002,523 1991,961 3055,77 846,032 3734,086 0 2240,543 1919,499 2169,587 2375,416 2292,908 2220,833 2362,479 2356,335 2242,159 2156,789 2052,815 1941,129 1923,043 1971,716 1865,343 1679,359 1705,183 1843,181 1954,242 1803,092 1589,491 1460,576 1525,314 1459,554
0 0 0 0 0 0 0 0 0 0 0 0 0 0 0 0 0 0 0 0 0 0 0 0 0 0 0 0 0 0 0 0 0 0 0 0 0 0 0 0 0 0 0 0 0 0 1125,234 0 0 0 0 0 0 0 0 0 0 0 0 0 0 0 432,56 0 540,118 403,369 1958,984 0 2830,843 3329,509 0 0 1623,226 1937,792 2219,998 2134,281 1924,74 2156,548 2312,227 2255,351 2124,264 2078,149 2031,903 1895,595 2025,473 2146,138 2045,007 1926,467 1867,979 1842,571 1949,453 1802,645 1597,183 1521,205 1578,937 1567,566
0 0 0 0 0 0 0 0 0 0 0 0 0 0 0 0 0 0 0 0 0 0 0 0 0 0 0 0 0 0 0 0 0 0 0 0 0 0 0 0 0 0 0 0 0 0 0 0 0 0 0 687,078 0 0 0 0 0 0 0 0 0 0 0 1,322 97,889 1891,81 0 132,408 3759,342 0 0 128,998 1100,907 1655,879 2200,973 1903,049 1802,435 2065,09 2262,928 2119,778 2041,191 1879,289 1780,467 1793,735 2245,871 2362,794 2223,465 2089,682 1879,771 1743,843 1748,18 1647,034 1474,533 1380,885 1408,326 1446,628
0 0 0 0 0 0 0 0 0 0 0 0 0 0 0 0 0 0 0 0 0 0 0 0 0 0 0 0 0 0 0 0 0 0 0 0 0 0 0 0 0 0 0 0 0 0 0 0 0 0 0 643,617 0 0 0 0 0 0 0 0 0 0 0 0 754,665 0 0 1656,909 1275,642 0 0 0 0 652,242 1600,917 1291,832 1299,846 1448,645 1845,566 1790,893 1718,241 1564,984 1391,893 1486,991 2136,131 2123,246 1937,348 1823,983 1539,744 1861,441 1708,399 1539,192 1385,243 1348,123 1459,83 1582,109
0 0 0 0 0 0 0 0 0 0 0 0 0 0 0 0 0 0 0 0 0 0 0 0 0 0 0 0 0 0 0 0 0 0 0 0 0 0 0 0 0 0 0 0 0 0 0 0 0 0 0 226,889 0 0 0 0 0 0 0 0 0 0 0 0 216,784 0 0 1874,256 0 0 0 2341,05 1685,709 0 899,713 973,257 994,076 1378,455 1784,708 1769,924 1637,761 1523,542 1494,799 1609,968 2015,883 1928,312 1758,556 1701,864 1689,749 1499,956 1772,643 1488,652 1347,466 1470,699 1784,87 1832,168
0 0 0 0 0 0 0 0 0 0 0 0 0 0 0 0 0 0 0 0 0 0 0 0 0 0 0 0 0 0 0 0 0 0 0 0 0 0 0 0 0 0 0 0 0 0 0 0 0 0 0 218,186 1261,378 0 0 0 0 0 0 0 0 0 0 0 0 0 0 1795,009 0 0 1540,774 0 1608,54 1329,374 175,542 901,548 919,112 1700,859 1767,983 1657,086 1505,853 1543,823 1604,799 1660,659 1774,303 1684,177 1608,764 1644,502 1713,084 1695,643 1381,57 1520,07 1447,479 1750,299 1857,287 1770,464
0 0 0 0 0 0 0 0 0 0 0 0 0 0 0 0 0 0 0 0 0 0 0 0 0 0 0 0 0 0 0 0 0 0 0 0 0 0 0 0 0 0 0 0 0 0 0 0 0 81,244 0 0 0 0 0 0 0 0 0 0 0 0 0 0 0 0 0 645,096 0 0 0 807,501 0 3193,495 0 819,898 1703,887 1845,343 1812,158 1453,852 1324,635 1662,205 1779,791 1634,292 1557,394 1500,986 1518,807 1633,715 1862,647 1809,49 1421,158 1669,899 1650,748 1781,883 1787,71 1665,4
0 0 0 0 0 0 0 0 0 0 0 0 0 0 0 0 0 0 0 0 0 0 0 0 0 0 0 0 0 0 0 0 0 0 0 0 0 0 0 0 0 0 0 0 0 0 0 0 0 0 0 44,235 0 0 0 0 0 0 0 0 0 0 0 0 0 0 43,824 730,149 0 0 213,13 224,084 1799,28 3061,5 0 0 1469,57 1561,334 1521,689 1198,496 1171,356 1756,488 1889,762 1512,543 1457,58 1509,986 1569,79 1771,604 1901,114 1735,208 1546,853 1273,024 1772,154 1706,228 1657,954 1532,055
0 0 0 0 0 0 0 0 0 0 0 0 0 0 0 0 0 0 0 0 0 0 0 0 0 0 0 0 0 0 0 0 0 0 0 0 0 0 0 0 0 0 0 0 0 0 0 0 33,321 618,419 263,426 0 645,289 0 0 0 0 0 0 0 0 0 0 0 0 0 0 0 0 0 0 0 942,141 736,631 0 0 0 1479,863 1248,896 1024,156 1152,196 1650,28 1615,642 1434,085 1437,031 1504,777 1590,469 1759,366 1714,592 1602,926 1503,438 1281,212 1805,531 1684,164 1518,208 1344,179
0 0 0 0 0 0 0 0 0 0 0 0 0 0 0 0 0 0 0 0 0 0 0 0 0 0 0 0 0 0 0 0 0 0 0 0 0 0 0 0 0 0 0 0 0 0 0 0 266,489 373,089 0 0 0 0 0 0 0 0 0 0 0 0 0 0 0 0 0 0 0 0 0 1001,498 449,081 0 293,464 0 0 692,577 835,467 812,622 1086,096 1521,802 1431,542 1297,693 1323,482 1382,299 1559,064 1628,566 1553,026 1423,289 1391,635 1421,932 1455,257 1152,609 1577,761 1305,495
0 0 0 0 0 0 0 0 0 0 0 0 0 0 0 0 0 0 0 0 0 0 0 0 0 0 0 0 0 0 0 0 0 0 0 0 0 0 0 0 0 0 0 0 0 345,768 0 0 1418,594 0 0 0 0 0 0 0 0 0 0 0 0 0 0 0 0 0 0 0 0 422,248 0 491,621 0 0 1095,606 0 363,892 0 22,838 473,409 1154,899 1432,359 1245,605 1104,192 1114,946 1292,911 1516,202 1475,437 1335,415 1323,827 1329,425 1366,24 1330,762 1191,399 1185,592 1020,704
0 0 0 0 0 0 0 0 0 0 0 0 0 0 0 0 0 0 0 0 0 0 0 0 0 0 0 0 0 0 0 0 0 0 0 0 0 0 0 0 0 0 0 0 0 0 1323,695 0 0 0 0 0 0 0 0 0 0 0 0 0 0 0 0 0 0 0 0 0 0 0 0 0 0 0 629,889 409,156 2401,452 0 0 1375,329 1959,915 1495,967 1195,034 1015,037 987,098 1268,417 1446,315 1396,55 1268,945 1249,04 1318,607 1308,054 1176,339 1115,84 994,529 949,418
0 0 0 0 0 0 0 0 0 0 0 0 0 0 0 0 0 0 0 0 0 0 0 0 0 0 0 0 0 0 0 0 0 0 0 0 0 0 0 0 0 0 0 403,515 0 0 0 0 0 0 0 0 0 0 0 0 0 0 0 0 0 0 0 0 0 0 0 0 0 0 0 0 0 13,718 0 1464,602 1071,031 50,62 0 2030,963 1767,571 1211,031 1226,08 1127,837 1185,29 1466,047 1548,041 1348,289 1238,539 1232,995 1288,646 1199,17 1055,818 945,45 838,714 722,203
0 0 0 0 0 0 0 0 0 0 0 0 0 0 0 0 0 0 0 0 0 0 0 0 0 0 0 0 0 0 0 0 0 0 0 0 0 0 0 0 0 0 0 0 0 0 0 0 0 0 0 0 0 0 0 0 0 0 0 0 0 0 0 0 0 0 0 0 0 0 0 0 0 0 201,816 0 1606,534 2107,066 0 1885,451 984,028 954,161 969,632 961,56 1207,097 1342,012 1274,062 1158,298 1176,62 1261,46 1190,824 1129,543 1060,818 874,886 722,389 605,324
