rofental/data/rofental/firn_we_rofental_100.asc
ncols         322
nrows         225
xllcorner     622802,488
yllcorner     5178049,379
cellsize      100
NODATA_value  -9999
[rows 92 to 137 of 225, columns 96 to 191 of 322]
0 0 0 0 0 0 0 0 0 0 0 0 0 0 0 0 0 0 0 0 0 0 0 0 0 0 0 0 0 0 37,7355 0 0 0 0 0 0 38,4435 972,1757 1421,828 2140,327 1993,698 3480,619 2611,407 0 417,1102 145,0745 337,7595 0 1221,464 1270,391 1526,13 631,5868 201,9658 1145,485 1341,366 237,4165 36,015 0 0 0 0 0 0 0 0 0 0 0 0 0 0 0 0 0 0 0 0 0 0 0 0 0 0 0 0 0 0 0 0 0 0 0 0 0 0
0 0 0 0 0 0 0 0 0 0 0 0 0 0 0 0 0 0 0 0 0 0 0 0 0 0 0 0 0 0 0 0 0 0 0 0 192,2945 580,3572 1845,217 1317,128 1142,555 2401,671 2656,37 948,039 557,5635 385,946 222,9187 309,261 519,0432 330,8252 0 0 0 805,0472 858,8025 1792,926 740,1715 0 0 0 0 0 0 0 0 0 0 0 0 0 0 0 0 0 0 0 0 0 0 0 0 0 0 0 0 0 0 0 0 0 0 0 0 0 0 0
0 0 0 0 0 0 0 0 0 0 0 0 0 0 0 0 0 0 0 0 0 0 0 0 0 0 0 0 0 0 0 0 0 0 0 73,48225 631,186 1299,164 829,0712 1186,506 647,784 1293,546 849,6885 627,465 125,7522 860,3618 414,0805 133,869 0 56,5165 274,655 53,943 18,8175 452,2615 1023,302 1298,731 0 0 0 0 0 0 0 0 0 0 0 0 0 0 0 0 0 0 0 0 0 0 0 0 0 0 0 0 0 0 0 0 0 0 0 0 0 0 0 0
90,08975 0 0 0 0 0 0 0 0 0 0 0 0 0 0 0 0 0 0 0 0 0 0 0 0 0 0 0 0 58,9985 0 0,5815 194,3642 85,88025 735,4237 819,655 1405,629 1426,009 2019,988 828,6562 3200,768 1887,365 298,3 1039,975 720,578 0 68,00375 349,1008 0 0 0 0 0 127,0762 0 156,6252 0 0 0 0 0 0 0 0 0 0 0 0 0 0 0 0 0 0 0 0 0 0 0 0 0 0 0 0 0 0 0 0 0 0 0 0 0 0 0 0
188,374 0 0 0 0 0 147,7993 0 0 0 0 0 0 0 0 0 0 0 0 0 0 0 0 0 0 0 0 0 104,3142 347,803 0 261,2655 904,6815 480,59 560,0445 1003 1906,745 1623,781 2672,293 3025,979 2700,014 319,0162 0 1599,297 525,724 12,3335 163,3197 315,6572 0 0 0 0 110,3735 0 0 27,8405 26,6035 0 305,437 0 1,1025 0 0 0 0 0 0 0 0 0 0 0 0 0 0 0 0 0 0 0 0 0 0 0 0 0 0 0 0 0 0 0 0 0 0 0
482,5615 0 0 0 0 14,1875 93,954 0 0 0 0 0 0 0 0 0 0 0 0 0 0 0 0 0 0 0 0 0 407,8432 286,9105 263,13 389,5853 371,5305 926,702 1856,037 1867,444 2687,609 2880,809 2717,927 1914,421 626,7197 270,3605 405,7845 1288,344 760,1905 337,1428 99,424 118,2045 249,556 0 0 0 0 2,1725 0 0 3,649 0 2,75475 146,2085 0 0 0 0 0 0 0 0 0 0 0 0 0 0 0 0 0 0 0 0 0 0 0 0 0 0 0 0 0 0 0 0 0 0 0 0
0 0 0 0 0 0 0 0 0 0 0 0 0 0 0 0 0 0 0 0 0 0 0 0 0 0 0 7,50075 968,9357 0 0 32,7225 218,9715 346,1987 1561,655 2011,027 3549,895 2132,516 0 944,4383 537,656 867,9583 124,7262 409,0707 1322,399 423,407 163,209 0 0 0 0 0 0 0 0 0 0 0 0 0 0 0 0 0 0 0 0 0 0 0 0 0 0 0 0 0 0 0 0 0 0 0 0 0 0 0 0 0 0 0 0 0 0 0 0 0
0 0 0 0 0 0 0 0 0 0 0 0 0 0 0 0 0 0 0 0 0 0 0 0 0 0 208,55 171,0768 318,0378 0 0 54,12425 1115,554 890,5068 1582,826 162,915 1227,42 1660,418 2552,524 2198,333 2071,376 1471,956 189,1027 677,2917 820,1295 675,9742 211,883 0 0 0 0 0 0 0 0 0 0 0 0 0 0 0 0 0 0 0 0 0 0 0 0 0 0 0 0 0 0 0 0 0 0 0 0 0 0 0 0 0 0 0 0 0 0 0 0 0
0 0 0 0 0 0 0 0 0 0 0 0 0 0 0 0 0 0 0 0 0 0 0 0 0 0 51,05725 0 0 0 156,8067 1202,919 1500,35 1493,508 1633,516 827,9318 1388,494 1792,47 2064,404 2338,884 2707,876 1453,046 1852,452 1161,74 262,0525 91,949 508,4975 434,5463 71,92875 0 0 0 0 0 0 0 0 0 0 0 0 0 0 0 0 0 0 0 0 0 0 0 0 0 0 0 0 0 0 0 0 0 0 0 0 0 0 0 0 0 0 0 0 0 0 0
0 0 0 0 0 0 0 0 0 0 0 0 0 0 0 0 0 0 0 0 0 0 0 0 0 0 0 0 54,259 753,9567 1177,422 2169,473 1584,597 1492,435 579,615 1328,607 1422,879 1801,934 1995,624 2101,274 2411,871 1518,615 1071,139 901,822 838,3253 953,8505 874,1992 760,9995 214,205 0 0 0 0 0 0 0 0 0 0 0 0 0 0 0 0 0 0 0 0 0 0 0 0 0 0 0 0 0 0 0 0 0 0 0 0 0 0 0 0 0 0 0 0 0 0 0
0 0 0 0 0 0 0 0 0 0 0 0 0 0 0 0 0 0 0 0 0 0 0 0 0 24,5635 496,9362 53,23025 836,3307 1763,167 1670,155 2385,835 2785,078 384,829 1122,23 1521,185 1658,198 1792,379 1970,109 1872,401 1547,239 2846,318 1794,365 1215,595 1421,683 1202 927,782 648,9105 249,911 455,522 197,2328 0 0 0 0 0 0 0 0 0 0 0 0 0 0 0 0 0 0 0 0 0 0 0 0 0 0 0 0 0 0 0 0 0 0 0 0 0 0 0 0 0 0 0 0 0
0 11,8645 0 0 0 0 0 0 0 0 0 0 0 0 0 0 0 0 0 0 0 0 0 0 0 871,0468 644,9645 719,0725 2119,323 1675,346 1840,532 2147,952 827,5675 1665,71 1382,896 1588,253 1703,23 1746,937 1647,747 1460,391 959,3785 2697,455 349,7085 2068,044 1751,902 1662,739 1319,392 874,8045 761,0048 198,8828 0 0 0 0 0 0 0 0 0 0 0 0 0 0 0 0 0 0 0 0 0 0 0 0 0 0 0 0 0 0 0 0 0 0 0 0 0 0 0 0 0 0 0 0 0 0
58,3885 32,64725 0,609 0 0 0 0 0 0 0 0 0 0 0 0 0 0 0 0 0 0 0 0 0 159,8763 1398,941 269,5832 799,5088 1924,525 2467,678 2459,865 142,1925 1058,009 1246,22 1485,696 1508,189 1525,059 1509,177 1403,317 1276,283 1511,88 1786,728 2066,893 1338,304 2197,573 2417,043 1549,91 1266,485 278,9948 0 0 0 0 0 0 0 0 0 0 0 0 0 0 0 0 0 0 0 0 0 0 0 0 0 0 0 0 0 0 0 0 0 0 0 0 0 0 0 0 0 0 0 0 0 0 0
173,9488 45,157 43,79725 9,34 0 0 0 0 0 0 0 0 0 0 0 0 0 0 3,06575 0 0 26,9305 125,5502 2,826 519,0737 1004,793 685,3463 703,7418 1359,991 1556,617 340,002 923,9325 1002,441 1430,25 1523,122 1449,166 1482,057 1451,588 1423,633 1485,974 1548,798 1552,593 1616,339 2217,564 551,876 1697,404 1881,817 250,8503 407,9608 946,7037 62,9015 108,183 0 0 0 0 0 0 0 0 0 0 0 0 0 0 0 0 0 0 0 0 0 0 0 0 0 0 0 0 0 0 0 0 0 0 0 0 0 0 0 0 0 0 0 0
169,6115 83,95675 44,9825 0 0 0 0 0 0 0 0 0 0 0 0 0 0 0 0 213,944 0 36,61825 150,8085 0 1303,514 581,069 930,6202 724,2223 1362,08 1044,877 384,5535 1128,669 1142,74 1381,579 1468,959 1435,674 1528,52 1442,822 1440,541 1419,641 1137,878 1036,443 1283,359 1232,453 2266,172 1131,405 0 94,4785 484,4797 514,8563 603,904 0 0 0 0 0 0 0 0 0 0 0 0 0 0 0 0 0 0 0 0 0 0 0 0 0 0 0 0 0 0 0 0 0 0 0 0 0 0 0 0 0 0 0 0 0
304,033 455,8197 84,09275 12,2885 0 0 0 0 0 0 0 0 0 21,52825 3,16375 0 0 0 126,6803 143,2498 2,6535 269,3358 119,8988 259,322 1585,077 1185,89 1645,61 908,114 1873,937 2935,667 224,5703 1389,742 1261,573 1344,488 1575,052 1536,277 1629,324 1440,26 1279,686 1152,111 1309,292 1153,353 1121,294 834,166 635,4435 2270,204 27,50025 403,9275 273,2168 0 0 262,646 0 0 0 0 0 0 0 0 0 0 0 0 0 0 0 0 0 0 0 0 0 0 0 0 0 0 0 0 0 0 0 0 0 0 0 0 0 0 0 0 0 0 0 0
565,517 726,938 377,869 71,28075 77,90325 129,1438 2,4035 5,885 0 0 0 0 53,83625 141,6865 107,1052 30,8715 7,22025 229,2065 557,8862 282,0193 355,5608 180,152 11,592 651,986 1732,313 418,3232 1169,073 2038,289 3213,848 2814,469 812,9515 920,0565 1081,019 1455,716 1506,77 1439,668 1329,93 1175,565 1067,863 1171,349 1185,279 1103,388 1057,938 1435,829 434,387 2042,815 0 328,504 0 0 0 0 0 0 0 0 0 0 0 0 0 0 0 0 0 0 0 0 0 0 0 0 0 0 0 0 0 0 0 0 0 0 0 0 0 0 0 0 0 0 0 0 0 0 0 0
607,5897 507,3203 254,7135 136,9798 189,4818 506,7465 44,94075 3,977 0 0 0 10,6295 272,786 186,8842 138,9223 48,305 138,8085 578,5958 232,446 448,8477 449,6407 24,35575 126,0687 1235,003 1067,046 1291,124 1673,227 3047,175 2141,679 0 0 964,3037 1399,24 1502,189 1416,974 1311,284 1261,734 1234,924 1236,057 1080,906 1028,309 892,9597 846,9255 867,2115 1441,267 1622,303 963,5845 229,458 176,4485 52,4585 0 0 0 0 0 0 0 0 0 0 0 0 0 0 0 0 0 0 0 0 0 0 0 0 0 0 0 0 0 0 0 0 0 0 0 0 0 0 0 0 0 0 0 0 0 0
377,3687 174,4847 134,8277 243,479 101,7972 247,8503 47,963 0 2,913 0 40,919 287,7747 325,512 147,236 158,2745 117,7487 101,0993 446,8448 560,4005 116,5573 0 451,1925 1028,982 2046,879 1998,662 1037,145 1293,74 264,9887 556,4218 960,5498 0 0 1951,77 1522,447 1375,197 1291,484 1294,099 1294,635 1168,29 1049,355 1031,268 1083,801 1006,52 780,2573 748,8563 995,433 1757,178 0 0 0 0 0 0 0 0 0 0 0 0 0 0 0 0 0 0 0 0 0 0 0 0 0 0 0 0 0 0 0 0 0 0 0 0 0 0 0 0 0 0 0 0 0 0 0 0 0
242,1465 261,1028 353,772 381,7978 128,2108 106,912 12,618 0 29,287 205,7527 461,301 726,2867 493,1542 221,6302 90,66575 92,569 61,33375 562,4628 693,9133 233,3788 399,794 1012,83 814,8953 1918,168 1106,929 66,2985 0 549,3312 344,5967 870,6008 445,0617 21,866 1468,435 1397,267 1379,176 1355,054 1276,364 1185,251 1099,231 990,1558 1056,885 1088,057 909,182 738,8132 555,5803 363,2183 1792,035 509,1867 18,12625 0 0 0 0 0 0 0 0 0 0 0 0 0 0 0 0 0 0 0 0 0 0 0 0 0 0 0 0 0 0 0 0 0 0 0 0 0 0 0 0 0 0 0 0 0 0 0
663,9637 699,453 572,3155 597,8018 401,7767 402,4525 285,2768 47,409 495,112 880,8385 710,204 821,9393 345,585 184,2585 84,28075 82,10175 412,1332 803,3612 663,6035 426,4503 757,522 1046,605 911,0303 859,9977 1199,03 1465,432 1176,007 1522,288 1112,224 1344,151 1660,129 1228,478 1598,914 1437,273 1464,876 1351,521 1243,953 1163,342 1064,514 985,267 993,4535 877,5137 675,4047 467,3615 314,0778 94,625 295,3903 1599,433 0 0 0 0 0 0 0 0 0 0 0 0 0 0 0 0 0 0 0 0 0 0 0 0 0 0 0 0 0 0 0 0 0 0 0 0 0 0 0 0 0 0 0 0 0 0 0 0
1542,933 984,412 1208,885 863,3903 830,6015 885,353 937,1805 684,733 1237,43 1184,168 386,4575 734,9088 331,8723 219,5977 187,7765 478,7467 1053,574 927,691 1023,726 779,0837 932,7877 1279,359 1273,755 1140,801 1220,709 1311,458 1491,396 1467,096 1616,27 1700,439 1720,399 1766,174 1726,78 1648,267 1545,537 1385,854 1266,475 1160,007 1025,549 946,726 820,4888 572,1078 365,177 177,2363 41,2535 0 3,0075 1188,738 238,2892 0 14,14425 0 0 0 0 0 0 0 0 0 0 0 0 0 0 0 0 0 0 0 0 0 0 0 0 0 0 0 0 0 0 0 0 0 0 0 0 0 0 0 0 0 0 0 0 0
1607,973 1086,792 1625,026 975,8523 992,3422 1164,434 1289,843 955,5377 1062,628 1317,462 512,6475 828,5195 505,6388 458,1245 533,828 1414,152 1059,103 1237,433 1051,272 950,3132 1370,243 1308,545 1395,691 1483,521 1515,654 1683,062 1666,214 1680,448 1713,091 1792,456 1946,458 2076,363 1937,066 1858,153 1642,95 1455,31 1289,263 1144,632 987,101 786,2628 537,2687 276,597 128,2015 36,23975 4,4435 0 0 3,73325 856,0677 0 19,46 143,0508 0 0 0 0 0 0 0 0 0 0 0 253,975 0 0 0 0 0 0 0 0 0 0 0 0 0 0 0 0 0 0 0 0 0 0 0 0 0 0 0 0 0 0 0 0
1515,312 1334,655 1420,52 1274,696 1382,607 1581,59 1600,954 906,2382 1061,189 1097,18 504,1512 717,7402 676,8948 599,1025 1083,397 2161,577 787,4065 803,1912 1175,996 1022,026 1357,749 1375,77 1550,063 1673,779 1617,386 2203,715 1744,153 1640,784 1684,932 2169,85 2353,367 2305,824 2173,042 1961,559 1763,657 1601,102 1414,621 1193,008 967,1582 616,296 372,5098 151,1687 153,2815 73,234 9,028749 0 0 0 0 569,6025 76,90075 0 0 0 0 0 0 0 0 0 0 0 140,2725 0 0 0 0 156,0645 0 0 0 0 0 0 0 0 0 0 0 0 0 0 0 0 0 0 0 0 0 0 0 0 0 0 0 0
1424,224 1460,137 1316,621 1537,833 1700,67 1710,635 1375,305 1049,657 984,8055 978,7755 858,4875 856,6755 805,3533 836,9373 1941,197 1552,868 1030,257 1201,054 1310,366 1108,084 1269,1 1699,485 1899,692 1719,134 1548,604 2221,59 1855,634 2025,362 2639,913 2703,927 2268,988 2237,998 2167,253 2027,552 1911,352 1672,849 1473,142 1207,76 878,3218 489,6728 317,533 229,892 168,749 70,76225 0 0 0 0 0 0 3,76125 0 0 0 0 0 0 0 0 0 0 0 541,7997 0 45,365 0 0 197,4292 0 0 0 0 0 0 0 0 0 0 0 0 0 0 0 0 0 0 0 0 0 0 0 0 0 0 0 0
1480,332 1650,12 1484,949 1594,226 1798,31 1637,906 1349,978 1113,769 1045,128 1146,032 1067,645 1055,568 956,7947 1244,148 2245,461 1321,942 1229,314 1269,514 1474,852 1249,764 1650,541 2232,156 1725,574 1763,124 1750,792 2467,264 2001,822 2351,095 2411,932 2315,789 2180,036 2191,365 2143,861 2154,184 2138,31 2132,104 1511,896 929,243 773,492 488,8888 307,04 246,1467 130,6755 26,81 0 0 0 0 0 0 0 0 0 0 0 0 0 0 0 0 0 314,1435 0 0 0 0 31,0155 0 0 0 0 0 0 0 0 0 0 0 0 0 0 0 0 0 0 0 0 0 0 0 0 0 0 0 0 0
1388,42 1940,825 1440,388 1693,027 1535,073 1453,649 1389,77 1231,313 1192,191 1228,601 1276,064 1195,25 1173,58 1577,411 1927,032 1490,552 1218,381 1618,277 1665,596 1321,529 1875,902 2059,867 1780,624 1578,495 2004,968 2498,154 1903,706 2001,797 2182,571 2268,294 2206,545 2158,995 2219,295 2297,327 2353,873 2770,274 392,3325 905,6335 619,4585 400,7792 300,5543 159,179 52,86375 3,06225 0 0 0 0 0 0 0 0 0 0 0 0 0 0 0 0 0 0 0 0 96,85225 269,522 86,65425 0 0 0 0 0 0 0 0 0 0 0 0 0 0 0 0 0 0 0 0 0 0 0 0 0 0 0 0 0
1605,086 1883,448 1629,482 1251,298 1248,671 1323,776 1366,287 1315,04 1309,351 1220,116 1326,221 1370,681 1438,936 1705,49 1707,391 1454,097 1501,555 1650,326 1563,343 1302,617 1972,022 2328,216 1740,439 2040,675 2211,656 2417,077 2097,022 1908,954 2153,358 2129,103 2229,177 2309,357 2329,102 2364,595 2307,573 3025,459 457,0652 268,3035 887,3077 442,7343 409,7657 250,0185 70,3065 2,215 0 0 0 0 0 0 0 0 0 0 0 0 0 0 0 0 0 0 0 0 0 0 0 0 0 0 0 0 0 0 0 0 0 0 0 0 0 0 0 0 0 0 0 0 0 0 0 0 0 0 0 0
1770,486 1549,771 1424,744 1187,988 1293,021 1476,125 1275,788 1447,631 1377,156 1304,352 1448,142 1479,456 1520,914 1687,407 1653,725 1635,897 1662,447 1678,21 1471,354 1609,695 2238,977 2243,354 1695,302 2219,969 2228,562 1996,776 2252,877 1901,938 2123,678 2305,515 2334,485 2395,28 2464,81 2443,72 2834,031 2491,544 907,2318 345,3983 867,7838 865,35 478,6102 270,0415 134,3878 10,80525 0 0 0 0 0 0 0 0 0 0 0 0 0 0 0 0 0 0 0 0 0 0 0 0 0 0 0 0 0 0 0 0 0 0 0 0 0 0 0 0 0 0 0 0 0 0 0 0 0 0 0 0
1468,684 1364,727 1354,897 1369,077 1499,277 1388,625 1354,839 1497,093 1462,724 1457,339 1523,624 1585,422 1575,605 1688,831 1734,825 1732,174 1722,052 1773,125 1547,52 1978,318 2610,29 2104,195 1858,822 2171,322 2090,349 1729,433 2240,881 2170,228 2411,86 2629,895 2382,489 2446,398 2673,533 2572,809 4498,635 551,0665 696,5927 1095,734 742,3707 973,0615 649,4988 445,804 316,6725 154,5768 14,14375 0 0 0 0 0 0 0 0 0 0 0 0 0 0 0 0 0 0 0 0 0 0 0 0 0 0 0 0 0 0 0 0 0 0 0 0 0 0 0 0 0 0 0 0 0 0 0 0 0 0 0
1194,616 1440,54 1450,685 1408,619 1466,68 1368,717 1488,512 1453,992 1505,376 1516,907 1624,229 1635,422 1646,856 1770,745 1870,956 1793,16 1839,624 1955,393 1621,46 2360,909 2708,603 2158,958 2158,702 1965,186 1749,762 1901,392 2631,004 2604,356 2597,71 2578,496 2405,701 2670,676 2821,368 2695,963 3574,165 709,2858 1327,661 1409,63 948,431 1012,636 692,3705 751,0785 327,5587 231,335 113,9843 0 0 0 0 0 0 0 0 0 0 0 0 0 0 0 0 0 0 0 0 0 0 0 0 0 0 0 0 0 0 0 0 0 0 0 0 0 0 0 0 0 0 0 0 0 0 0 0 0 0 0
1014,679 1491,589 1286,391 1312,216 1290,211 1400,154 1419,707 1448,288 1525,853 1506,167 1577,051 1599,849 1702,674 1858,452 1927,153 1800,807 1937,543 2011,415 1671,964 3211,79 2332,154 2222,957 2172,082 1917,985 1864,334 2582,042 3183,635 2417,214 2539,455 2698,176 2960,249 2820,135 2750,249 3063,152 4202,973 348,0017 1615,748 1665,536 1274,979 1021,738 665,8225 823,6858 527,9387 311,489 84,1305 142,3217 11,45875 0 0 0 0 0 0 0 0 0 0 0 0 0 0 0 0 0 0 0 0 0 0 0 0 0 0 0 0 0 0 0 0 0 0 0 0 0 0 0 0 0 0 0 0 0 0 0 0 0
988,932 982,1738 855,1735 957,819 985,8912 1109,688 1131,635 1158,76 1178,413 1294,815 1452,516 1549,947 1751,491 1878,169 1916,64 1779,943 1900,082 1650,415 2537,759 2646,495 2176,564 2159,195 2042,939 1899,395 2281,939 3453,24 2688,36 2321,37 2360,28 2703,307 2858,427 2757,222 2781,165 3198,622 3511,016 1065,633 280,5688 1246,158 1436,123 1830,821 1015,502 845,278 890,0153 833,045 830,9973 1523,723 0 0 0 0 0 0 0 0 0 0 0 0 0 0 0 0 0 0 0 0 0 0 0 0 0 0 0 0 0 0 0 0 0 0 0 0 0 0 0 0 0 0 0 0 0 0 0 0 0 0
1044,672 680,779 307,401 323,61 324,2242 689,9163 786,4752 650,6033 866,963 1355,31 1333,148 1514,127 1747,233 1829,308 1870,265 1686,817 1524,415 1724,076 2851,524 2038,824 1994,521 2112,065 1630,482 2155,199 3043,771 3173,371 2418,423 2510,409 2519,186 2747,282 2886,318 2817,202 2860,141 3007,271 2564,798 772,965 1877,785 1074,074 429,5535 198,0318 572,2682 1394,883 1896,885 1612,539 1618,852 0 6,49875 0 0 0 0 0 0 0 0 0 0 0 0 0 0 0 0 0 0 0 0 0 0 0 0 0 0 0 0 0 0 0 0 0 0 0 0 0 0 0 0 0 0 0 0 0 0 0 0 0
606,5912 154,4718 47,05275 561,954 1012,611 396,937 334,1147 638,454 1186,378 1284,412 1306,582 1649,635 1775,646 1732,179 1903,314 1568,666 1495,532 2294,255 2959,169 2278,076 2588,949 1868,767 1824,632 2992,306 3519,743 2430,888 2825,299 2637,325 2514,729 2632,707 2810,754 2896,327 3057,333 2971,841 1730,79 810,2518 620,4147 873,6885 725,1467 644,0867 1030,005 682,915 114,2525 0 0 40,666 0 0 0 0 0 0 0 0 0 0 0 0 0 0 0 0 0 0 0 0 0 0 0 0 0 0 0 0 0 0 0 0 0 0 0 0 0 0 0 0 0 0 0 0 0 0 0 0 0 0
236,5075 8,58625 283,7255 295,3433 53,36325 507,8813 838,7257 724,5613 1061,096 1128,417 1435,931 1792,191 1739,501 1659,001 2132,243 1807,503 1888,424 3655,748 2399,758 1742,796 2278,619 1687,012 3201,937 3380,541 3076,741 2742,246 2811,853 2730,668 2648,076 2795,375 3132,445 3474,455 3148,193 1987,859 568,9277 975,4462 519,0333 809,6407 567,7213 503,7202 0 317,2815 183,0607 0 0 0 0 0 0 0 0 0 0 0 0 0 0 0 0 0 0 0 0 0 0 0 0 0 0 0 0 0 0 0 0 0 0 0 0 0 0 0 0 0 0 0 0 0 0 0 0 0 0 0 0 0
51,76375 6,459 6,09125 73,658 0 483,7292 665,8975 546,4973 906,5623 1236,508 1594,445 1785,525 1592,855 1949,908 2392,614 1934,067 3018,157 3521,019 1212,07 2069,083 2191,976 3116,322 3243,658 2827,424 2976,111 3045,047 2878,593 2765,059 2633,626 3259,579 3934,814 2570,4 1939,356 395,937 864,5015 1167,021 552,1633 689,831 528,5677 165,3893 143,7038 0 0 0 26,747 0 0 0 0 0 0 0 0 0 0 0 0 0 0 0 0 0 0 0 0 0 0 0 0 0 0 0 0 0 0 0 0 0 0 0 0 0 0 0 0 0 0 0 0 0 0 0 0 0 0 0
16,1415 0 53,03375 90,28101 0,44025 219,1973 660,5942 413,7162 933,6417 1431,71 1640,607 1558,284 1538,261 2643,827 2419,841 1786,106 4275,204 397,7087 2245,582 2351,081 2696,561 3504,667 2897,957 2576,957 2938,059 2949,027 2860,425 2781,534 2991,739 4085,26 1915,457 1050,041 998,632 709,4465 603,3638 573,7803 125,4975 159,3783 68,21875 0 0 0 0 0 0 0 0 0 0 0 0 0 0 0 0 0 0 0 0 0 0 0 0 0 0 0 0 0 0 0 0 0 0 0 0 0 0 0 0 0 0 0 0 0 0 0 0 0 0 0 0 0 0 0 0 0
0 0 0 0 88,42775 61,41275 426,5638 717,0245 1041,474 1281,833 1448,824 1403,481 1806,392 3147,853 1948,584 1799,752 4307,556 276,3278 2809,419 2492,291 2975,356 2806,001 2915,209 2928,298 2930,583 2871,141 2809,98 2784,577 3846,529 2831,69 486,8785 1200,011 280,2687 243,7515 354,5845 211,17 0 0 0 0 0 0 0 0 0 0 0 0 0 0 0 0 0 0 0 0 0 0 0 0 0 0 0 0 0 0 0 0 0 0 0 0 0 0 0 0 0 0 0 0 0 0 0 0 0 0 0 0 0 0 0 0 0 0 0 0
0 0 0 0 97,53175 29,45525 71,17975 569,6547 987,5 965,0673 1380,79 1435,37 2056,896 3244,121 1602,658 2221,217 3760,854 63,287 2776,244 3191,267 3355,838 3115,583 3003,757 2973,431 2984,872 2884,61 2808,757 2862,655 4198,271 1083,577 462,6672 633,9763 200,996 19,996 0 161,3038 30,3785 0 0 0 0 0 0 0 0 0 0 0 0 0 0 0 0 0 0 0 0 0 0 0 0 0 0 0 0 0 0 0 0 0 0 0 0 0 0 0 0 0 0 0 0 0 0 0 0 0 0 0 0 0 0 0 0 0 0 0
0 0 0 0 0 0 0 280,2783 1200,155 1303,081 1206,713 1376,362 2173,584 3313,828 1882,756 2539,829 2470,133 2474,169 2601,678 3233,293 3130,5 3023,97 2927,933 2937,493 2845,171 2588,817 2487,901 2235,92 584,6285 1605,275 0 0 3,514 14,037 0 0 0 0 0 0 0 0 0 0 0 0 0 0 0 0 0 0 0 0 0 0 0 0 0 0 0 0 0 0 0 0 0 0 0 0 0 0 0 0 0 0 0 0 0 0 0 0 0 0 0 0 0 0 0 0 0 0 0 0 0 0
0 0 0 35,251 0 0 0 355,7728 1355,112 1385,524 1252,249 1238,262 2252,677 2964,906 1923,007 2408,736 2629,417 2850,085 3112,227 3142,977 3045,941 2891,2 2973,292 2877,614 2551,528 2091,376 1000,416 481,5008 352,639 1094,073 38,63725 0 0 0 0 0 0 0 0 0 0 0 0 0 0 0 0 0 0 0 0 0 0 0 0 0 0 0 0 0 0 0 0 0 0 0 0 0 0 0 0 0 0 0 0 0 0 0 0 0 0 0 0 0 0 0 0 0 0 0 0 0 0 0 0 0
0 0 0 0 0 43,13425 0 291,7773 1049,874 1379,085 1242,772 1218,5 2385,807 2431,514 1973,293 2698,467 2887,394 2838,831 3079,587 3114,476 3197,202 4159,793 3232,094 1999,741 858,0861 357,48 416,2777 118,3775 207,3215 603,2425 0 0 0 0 0 0 0 0 0 0 0 0 0 0 0 0 0 0 0 0 0 0 0 0 0 0 0 0 0 0 0 0 0 0 0 0 0 0 0 0 0 0 0 0 0 0 0 0 0 0 0 0 0 0 0 0 0 0 0 0 0 0 0 0 0 0
0 0 0 0 0 0 0 512,6843 1316,113 688,7703 1105,876 1276,804 1862,985 3494,377 619,254 2402,232 2611,506 2533,924 2878,537 3465,25 3821,068 863,1775 318,85 0 0 540,7502 427,5965 259,8633 22,179 0 50,97625 0 0 0 0 0 0 0 0 0 0 0 0 0 0 0 0 0 0 0 0 0 0 0 0 0 0 0 0 0 0 0 0 0 0 0 0 0 0 0 0 0 0 0 0 0 0 0 0 0 0 0 0 0 0 0 0 0 0 0 0 0 0 0 0 0
0 0 0 0 0 0 0 580,0917 989,3752 1841,166 1290,324 1633,593 1431,492 2904,773 2301,156 2035,753 2356,892 2637,736 3096,646 3264,633 4198,596 848,7272 1317,365 795,8782 738,5223 536,0912 128,884 0 0 0 0 0 0 0 0 0 0 0 0 0 0 0 0 0 0 0 0 0 0 0 0 0 0 0 0 0 0 0 0 0 0 0 0 0 0 0 0 0 0 0 0 0 0 0 0 0 0 0 0 0 0 0 0 0 0 0 0 0 0 0 0 0 0 0 0 0
0 0 0 0 0 0 88,5775 848,8545 1167,335 1545,226 1617,1 1714,245 1461,728 3057,281 2687,297 1476,426 2760,431 3219,407 3111,339 3317,978 2837,506 423,199 1039,999 262,5825 566,9725 229,4635 358,5615 258,7838 0 0 0 0 0 0 0 0 0 0 0 0 0 0 0 0 0 0 0 0 0 0 0 0 0 0 0 0 0 0 0 0 0 0 0 0 0 0 0 0 0 0 0 0 0 0 0 0 0 0 0 0 0 0 0 0 0 0 0 0 0 0 0 0 0 0 0 0
