rofental/data/rofental/firn_we_rofental_50.asc
ncols         644
nrows         451
xllcorner     622802,488
yllcorner     5177999,379
cellsize      50
NODATA_value  -9999
[rows 250 to 299 of 451, columns 192 to 287 of 644]
1096,533 1076,703 875,02 660,36 473,467 414,783 585,208 615,539 639,109 657,788 772,107 894,235 903,505 894,774 854,53 784,005 760,068 913,313 1197,637 1432,505 1414,243 1337,425 1388,703 1561,71 1711,285 1764,602 1819,842 1876,673 1955,685 1794,239 1783,883 1672,321 1632,071 1606,703 1228,037 1931,631 3283,356 2373,164 3293,628 1812,405 1629,083 1876,099 1974,347 2045,734 1913,649 1700,943 1882,684 2160,789 2320,396 3056,05 3925,318 3047,842 2422,264 2334,508 2495,161 2487,076 2549,57 2547,093 2830,674 2793,622 2886,229 2898,269 2792,846 2830,023 2859,186 2829,559 2889,637 3191,564 3450,886 2722,954 0 1113,973 2743,211 2073,273 1646,554 417,653 0 0 0 642,205 0 2289,073 2277,214 1535,67 1294,117 1336,581 1015,489 1071,062 1513,743 3128,818 0 0 0 0 0 0
1061,708 943,744 689,571 498,165 212,463 128,891 93,693 0 0 0 454,294 639,029 683,464 664,158 560,199 403,679 593,708 1200,763 1403,413 1387,685 1299,895 1281,029 1504,023 1602,071 1736,529 1776,517 1784,782 1835,934 1926,524 1804,611 1722,345 1568,719 1424,13 1434,755 1670,176 2066,462 3794,693 1954,884 1231,024 1818,241 2110,934 2361,969 2274,323 2153,857 1741,919 1165,416 2478,778 2098,545 2926,323 3872,317 3152,024 2568,298 2466,346 2450,576 2553 2506,401 2491,047 2489,033 2659,501 2705,331 2867 2893,773 2810,656 2835,283 2891,147 2860,673 2845,104 3102,779 3865,703 219,65 0 1977,887 1696,336 998,319 1168,135 1063,953 1147,64 570,574 149,922 0 0 0 0 1766,648 2322,359 2634,483 2686,522 1677,084 1742,871 89,974 0 0 0 25,995 0 0
801,105 595,754 334,652 179,07 0 0 0 1233,488 1429,383 1626,418 0 0 155,791 167,194 136,114 609,052 1239,745 1271,939 1308,816 1316,335 1218,895 1330,537 1545,271 1694,986 1765,769 1774,066 1765,328 1769,513 1941,201 1823,849 1605,946 1534,506 1281,477 1556,455 1927,969 2261,358 4398,133 621,315 3267,901 2201,847 2694,145 2603,59 2231,364 1938,199 542,375 2572,043 2460,775 2717,527 3731,928 3579,328 2315,512 2487,626 2624,331 2893,635 2661,574 2522,226 2467,415 2500,512 2598,484 2655,313 2789,676 2835,667 2852,223 2878,525 2909,454 2920,963 3033,409 3135,604 3414,953 1842,005 1740,081 0 828,033 760,122 842,286 947,727 910,972 625,279 833,925 874,517 1983,469 1118,001 328,954 599,675 0 0 0 0 0 0 162,664 0 0 0 0 0
669,662 359,844 104,165 0 0 188,211 581,488 432,84 419,358 575,283 1587,748 0 139,931 873,543 775,259 1033,391 1107,275 1126,552 1255,547 1256,95 1219,19 1457,706 1641,04 1717,243 1796,823 1765,927 1689,868 1704,007 1885,721 1962,485 1709,891 1424,321 1327,07 1817,125 2330,933 2656,762 4350,09 2467,137 1347,197 2295,361 2577,058 2481,004 2128,101 1177,405 1458,369 2725,74 3354,902 3436,019 3831,965 2935,75 2311,096 2609,319 2803,646 2979,582 2750,107 2615,392 2564,742 2526,248 2603,561 2673,47 2797,437 2820,235 2916,452 2938,11 2996,51 3402,403 4219,456 1498,894 0 1666,202 1500,926 0 369,767 523,737 737,695 967,046 798,321 566,015 465,478 402,427 577,908 440,642 1302,662 500,369 457,01 0 0 0 0 0 0 0 0 0 0 0
526,989 152,542 0 0 0 602,871 426,291 258,088 160,657 0 873,168 253,602 1365,708 506,393 620,801 923,639 1067,266 1096,677 1125,498 1186,087 1276,35 1535,492 1738,039 1783,843 1826,172 1711,484 1588,558 1688,546 2089,175 2120,677 1773,71 1632,464 1380,765 2183,828 2622,18 3639,948 4674,961 1187,667 1546,238 1951,491 2218,713 2315,029 1780,039 938,409 2502,811 3244,757 4436,948 3099,893 3465,235 2827,365 2701,022 2612,073 2730,727 2884,901 2757,594 2676,247 2623,969 2580,217 2721,846 2791,565 3023,779 3052,838 3148,809 3470,867 3909,69 4587,156 0 3992,559 0 2183,316 1389,617 248,458 407,139 236,191 655,39 779,977 613,104 508,203 416,49 744,046 0 0 124,73 718,332 0 0 0 0 0 0 0 0 0 0 0 0
266,499 0 0 34,345 240,351 291,68 363,383 133,611 52,796 0 339,812 564,943 1162,096 320,706 517,287 836,518 1001,643 1078,797 1066,495 1135,589 1336,713 1595,169 1801,834 1845,047 1795,956 1624,391 1524,662 1834,24 2261,214 2057,907 1998,519 1825,319 1534,501 2454,602 3567,759 4793,105 3195,443 540,96 1410,391 2063,064 2366,66 2214,076 1474,462 2555,137 3091,58 3968,598 3840,207 2145,114 3007,322 3007,043 2828,366 2827,521 2816,267 2815,517 2762,108 2726,725 2685,275 2702,843 2814,838 2853,253 3079,379 3373,784 3864,053 3414,089 4095,925 0 3958,875 0 88,82 3,575 1159,374 1104,336 601,025 831,778 944,819 858,377 659,157 490,421 854,345 0 0 0 0 426,064 629,282 102,961 0 0 0 0 0 0 0 0 0 0
100,771 0 25,836 0 0 24,365 149,968 74,752 0 0 240,174 802,03 1006,103 310,798 480,615 641,979 927,169 1040,274 1080,284 1270,326 1440,694 1644,061 1836,233 1780,592 1726,084 1555,583 1599,395 2059,176 2593,2 2022,07 2132,665 1825,816 1936,203 2992,593 5161,382 3679,888 0 1544,325 1669,741 2162,426 2278,18 2143,797 2258,353 3187,162 3283,32 3664,388 3278,751 2355,116 2714,491 3219,312 3115,718 2946,18 2907,033 2883,077 2780,984 2720,07 2657,819 2641,241 2727,262 2939,272 3800,074 3952,466 4108,3 3164,76 0 3794,077 0 0 125,094 1558,643 1440,147 1320,46 744,696 783,661 836,64 791,742 703,458 488,023 358,105 196,202 574,815 0 0 0 0 0 0 0 0 0 0 0 0 0 0 0
30,726 75,558 0 0 0 0 69,912 0 0 0 232,226 660,487 960,887 385,802 429,18 634,215 772,445 886,361 1238,561 1356,862 1547,099 1745,925 1808,001 1717,272 1600,268 1489,484 1735,885 2405,176 2892,34 2062,844 2197,272 1580,515 2482,838 4660,993 5242,804 0 1087,081 2216,875 2202,182 2241,982 2171,348 2174,578 3397,063 3622,71 3112,688 2914,236 3045,514 2630,315 2867,047 3103,594 3116,397 3001,895 2907,017 2817,243 2821,445 2737,737 2645,599 2589,846 2962,005 4409,777 4071,767 3914,951 3008,54 0 3963,348 0 1583,748 0 20,552 1753,717 1065,49 841,986 351,069 329,227 519,945 610,997 568,771 354,019 107,25 0 0 0 0 0 0 0 0 0 106,988 0 0 0 0 0 0 0
0 64,566 0 0 0 149,349 145,011 0 0 0 236,777 311,059 884,101 435,433 337,655 509,627 700,409 1026,589 1364,293 1463,234 1774,346 1644,204 1637,536 1582,567 1554,188 1473,364 1865,435 3050,491 2955,286 2086,371 2087,292 1557,36 3072,993 5488,566 1590,835 0 1877,195 2320,62 2375,688 2268,385 2204,541 2850,688 3776,949 3622,292 2894,069 2855,583 2620,973 2387,062 2811,361 3014,804 2997,291 3007,445 2919,438 2841,903 2819,106 2752,578 2646,328 2850,655 4460,337 4794,897 3473,111 2318,073 0 4200,165 0 1676,742 1181,947 579,157 761,755 1019,471 818,584 445,954 173,466 210,774 295,423 342,09 261,722 11,153 0 0 0 0 0 0 0 0 0 0 0 0 0 0 0 0 0 0
0 0 0 0 0 62,786 216,113 0 0 1,761 226,656 102,297 643,308 679,535 304,885 502,698 863,006 1144,563 1355,35 1543,965 1696,781 1447,099 1537,22 1475,814 1483,532 1641,962 2166,172 3493,21 3060,216 1577,49 1808,559 1691,214 3059,507 5479,748 0 0 2376,94 2407,571 2409,422 2350,828 2500,787 3230,227 3426,091 3193,335 3047,473 2794,702 2654,019 2645,775 2946,157 2979,915 2918,744 2872,63 2871,43 2808,93 2791,538 2762,916 2899,428 3570,546 5029,282 2056,523 934,31 936,334 0 0 1248,218 1069,568 658,35 418,332 257,851 374,378 573,681 456,902 117,75 0 0 0 0 0 0 0 0 0 0 0 0 0 0 0 0 0 0 0 0 0 0 0
0 0 0 0 0 0 0 0 0 124,169 90,708 74,639 439,59 602,956 598,845 769,221 999,862 1157,175 1245,37 1342,074 1593,179 1430,644 1418,846 1404,359 1591,776 1856,645 2466,392 3611,155 3289,892 1066,825 1668,814 1896,763 2989,441 5558,783 0 0 3055,962 2524,426 2428,762 2420,223 2731,371 3109,087 2924,116 2782,274 3008,933 2846,448 2876,76 2876,906 2880,762 2863,607 2855,14 2836,917 2837,661 2780,375 2730,942 2791,748 3277,089 4011,473 5050,542 2046,608 32,182 0 1735,431 1652,146 142,431 93,424 0 76,432 0 784,932 0 0 0 0 0 0 0 0 0 0 0 0 0 0 0 0 0 0 0 0 0 0 0 0 0 0
0 0 0 0 0 0 0 0 0 229,542 0 80,304 235,751 427,958 668,663 831,369 997,499 1011,359 1007,556 1532,33 1462,539 1308,933 1328,272 1462,449 1638,11 2139,037 2901,362 3612,502 1970,689 1466,931 1662,488 1970,942 3482,735 5199,266 1105,311 0 3059,946 2597,344 2524,932 2595,248 2939,856 3121,112 2855,104 2662,512 2879,769 2925,688 2996,283 2963,242 2994,936 2983,025 2924,658 2867,848 2842,9 2778,985 2763,713 2851,905 3557,445 4540,11 4229,609 0 0 1915,332 862,153 550,313 384,958 500,262 599,398 299,176 0 633,406 431,292 413,388 0 0 0 0 0 0 0 0 0 0 0 0 0 0 0 0 0 0 0 0 0 0 0 0
0 0 0 0 0 0 0 0 79,194 107,381 0 99,62 64,191 166,901 501,33 797,003 977,786 949,537 936,133 1240,036 1495,441 1116,567 1330,192 1521,738 1698,894 2416,986 3174,691 3316,96 1515,182 1725,173 1880,143 2269,685 4030,874 4079,364 0 253,148 2931,538 2517,826 2900,159 3161,598 3369,861 3406,375 3244,892 3090,203 2921,69 2850,507 2948,755 2898,605 2995,021 3045,929 2975,577 2879,89 2834,632 2812,068 2804,657 2948,886 3466,037 4773,306 4334,308 0 0 1850,669 915,385 561,067 383,083 104,394 79,984 0 0 0 0 645,215 0 121,514 0 0 0 0 0 0 0 0 0 0 0 0 0 0 0 0 0 0 0 0 0 0
0 0 0 0 0 0 0 0 203,552 0 0 18,201 0 53,627 249,563 730,723 1047,784 974,893 680,782 1003,318 1687,768 1223,384 1284,871 1604,681 1804,85 2306,852 3354,084 3130,747 1239,617 1930,661 2164,871 2570,167 1838,168 5095,011 0 0 2885,819 2769,794 3208,349 3494,962 3464,209 3182,908 3063,383 3063,855 3125,645 3117,187 3113,86 2932,505 2960,647 2937,89 2881,438 2801,535 2780,825 2807,503 2872,097 2824,98 3118,682 5435,06 0 0 0 0 482,19 577,263 214,586 101,921 0 0 0 0 0 0 0 0 0 0 0 0 0 0 0 0 0 0 0 0 0 0 0 0 0 0 0 0 0 0
0 0 0 0 0 0 0 0 0 0 0 0 0 0 108,516 502,55 971,802 1030,76 621,754 1908,641 1052,734 1274,249 1287,898 1547,245 1963,601 2254,833 3468,341 3290,624 1377,455 2147,202 2450,796 2724,156 2206,965 3056,428 3696,057 491,799 2194,33 3049,731 3117,962 3302,227 3299,739 3026,463 2957,872 3063,341 2944,804 2983,158 3127,107 2988,436 2956,26 2851,816 2718,003 2653,534 2587,982 2664,763 2815,958 2591,949 2338,514 0 0 2754,152 0 0 0 0 0 14,056 56,148 0 0 0 0 0 0 0 0 0 0 0 0 0 0 0 0 0 0 0 0 0 0 0 0 0 0 0 0 0
0 0 0 0 0 0 0 0 0 0 0 0 0 0 37,136 472,911 1176,863 1621,195 1264,502 1417,427 1196,983 1302,885 1238,226 1432,079 2051,156 2424,747 3354,646 3141,701 1759,646 2246,72 2469,299 2515,064 2400,673 2216,464 3083,755 2625,065 2279,259 2883,394 3307,924 3205,061 3167,587 3028,211 3006,002 3068,664 2941,386 2842,382 2893,19 2741,24 2851,364 2721,245 2565,212 2418,519 2283,112 2415,749 2710,237 825,537 0 0 1421,6 2245,346 0 0 0 0 0 0 0 0 0 0 0 0 0 0 0 0 0 0 0 0 0 0 0 0 0 0 0 0 0 0 0 0 0 0 0 0
0 0 0 0 0 0 0 0 0 0 0 0 0 0 93,261 648,435 1076,498 1753,748 1699,773 915,533 1484,426 1172,727 1128,704 1398,964 1984,054 2494,342 3611,67 2459,774 1627,791 1892,645 2360,629 2224,768 2522,118 2300,238 2618,544 2969,251 3096,446 2958,04 3189,986 3159,768 3151,145 3004,077 2978,266 2945,805 2922,963 2924,662 2864,731 2713,557 2711,081 2543,931 2382,871 2225,304 1772,294 1629,227 1926,003 0 734,2 676,356 2129,637 0 0 0 0 0 0 0 0 0 0 0 0 0 0 0 0 0 0 0 0 0 0 0 0 0 0 0 0 0 0 0 0 0 0 0 0 0
0 0 0 0 0 0 141,004 0 0 0 0 0 0 0 121,917 559,478 881,134 1709,068 2120,612 806,177 1192,828 1159,014 1153,403 1271,977 1886,157 2646,156 4015,415 1772,766 2132,185 2039,407 2316,365 2733,181 2958,903 2736,408 2791,038 3021,506 3161,9 3232,521 2938,265 3283,888 3089,704 2938,837 2870,348 2770,383 2908,638 3136,907 3236,607 2695,562 2605,781 2345,32 2008,643 1748,688 0 600,142 0 0 0 0 2246,655 0 0 154,549 0 0 0 0 0 0 0 0 0 0 0 0 0 0 0 0 0 0 0 0 0 0 0 0 0 0 0 0 0 0 0 0 0 0
0 0 0 0 0 0 0 0 0 0 172,537 0 0 0 36,759 378,826 879,844 1358,184 1866,812 1092,001 1079,405 1296,116 1421,824 1061,17 2005,717 2825,697 3860,514 1483,51 1960,186 2520,661 2369,667 3136,543 3147,001 2677,949 2811,811 2939,913 2899,253 3424,753 3074,347 2948,95 3007,839 2814,477 2903,441 3528,662 4466,971 3690,083 2599,188 2863,919 2223,808 1208,536 0 0 0 0 0 473,51 0 301,481 1183,032 0 0 0 0 0 0 0 0 0 0 0 0 0 0 0 0 0 0 0 0 0 0 0 0 0 0 0 0 0 0 0 0 0 0 0 0 0
0 0 0 0 0 0 0 0 0 0 0 0 0 0 101,256 650,268 837,304 1124,162 1556,446 1001,082 1515,769 1079,797 1354,473 1036,533 1675,811 3036,003 3742,265 639,769 1637,94 1774,387 2348,347 2939,31 2904,387 2820,238 2735,185 2868,413 2826,151 3168,193 3297,345 3137,26 3237,275 3729,215 4806,442 5400,629 3088,497 1682,823 1447,602 1088,255 0 0 1050,639 379,281 1277,531 387,58 0 0 0 527,805 0 1229,938 0 0 0 0 0 0 0 0 0 0 0 0 0 0 0 0 0 0 0 0 0 0 0 0 0 0 0 0 0 0 0 0 0 0 0 0
0 0 0 0 0 0 0 0 0 0 0 0 0 0 403,535 897,253 852,809 1663,172 733,893 783,554 1159,9 1058,838 1167,68 1220,299 1533,549 2436,885 3870,944 2870,985 0 1781,447 1933,344 2897,477 2742,349 2703,812 2521,08 2659,76 2743,095 3032,494 3275,73 3673,666 3802,505 3288,737 2256,995 1195,715 0 0 0 0 0 0 0 0 850,275 576,14 726,777 312,676 88,716 0 0 0 203,905 0 0 0 0 0 0 0 0 0 0 0 0 0 0 0 0 0 0 0 0 0 0 0 0 0 0 0 0 0 0 0 0 0 0 0
0 0 0 0 0 0 0 0 0 0 0 0 0 0 181,457 568,492 531,754 2216,718 947,389 290,245 988,159 1216,609 1079,943 1639,296 1645,381 1836,126 2924,482 4311,097 0 695,569 1946,073 2832,034 2543,956 2455,907 2384,215 2570,642 2732,025 3006,533 3178,681 3732,922 4731,561 3461,469 0 0 0 1275,4 0 0 0 0 1246,213 916,788 283,971 0 0 0 0 0 0 0 0 0 0 0 0 0 0 0 0 0 0 0 0 0 0 0 0 0 0 0 0 0 0 0 0 0 0 0 0 0 0 0 0 0 0 0
0 0 0 0 0 0 0 0 0 0 0 0 0 0 219,295 522,516 650,096 1541,251 2198,373 976,72 1355,25 1260,392 1432,484 1851,203 1461,568 1576,32 2358,582 3491,006 4184,907 0 2550,802 2254,545 2454,747 2411,866 2435,336 2583,604 2901,662 3137,793 3034,666 3493,527 4133,8 5444,99 0 684,359 2464,741 1428,447 1922,761 0 0 903,875 1140,696 192,161 73,468 156,858 0 0 0 0 0 0 0 0 0 0 0 0 0 0 0 0 0 0 0 0 0 0 0 0 0 0 0 0 0 0 0 0 0 0 0 0 0 0 0 0 0 0
0 0 0 0 0 0 0 0 0 0 0 0 0 0 690,164 888,392 1089,388 676,766 2738,647 1450,923 1356,056 1189,599 1623,308 1627,378 1180,733 1507,346 2455,317 3314,186 4642,971 376,747 1391,611 1946,055 2261,027 2299,926 2599,054 2932,949 3147,315 3199,813 3070,284 3460,053 4599,002 2616,593 563,111 2147,439 1376,271 0 0 1260,752 1064,399 985,815 701,538 109,97 61,276 223,934 0 0 0 0 0 0 0 0 0 0 0 0 0 0 0 0 0 0 0 0 0 0 0 0 0 0 0 0 0 0 0 0 0 0 0 0 0 0 0 0 0 0
0 0 0 0 0 0 0 0 0 0 0 0 0 80,875 300,476 1679,359 2046,798 565,879 1694,056 1866,797 1596,012 1502,047 1673,815 1665,572 983,095 1752,638 2867,937 3178,475 3953,18 724,043 908,041 1754,834 2224,12 2670,414 3427,116 3186,859 3147,35 3237,256 3143,277 3547,056 5796,561 0 677,387 248,109 1217,081 446,112 0 165,18 618,922 752,746 629,969 0 630,651 0 69,957 0 0 0 0 0 0 0 0 0 0 0 0 0 0 0 0 0 0 0 0 0 0 0 0 0 0 0 0 0 0 0 0 0 0 0 0 0 0 0 0 0
0 0 0 0 0 0 0 0 0 0 0 0 0 273,435 639,182 776,401 1746,916 309,747 951,375 1668,675 1700,153 1670,188 1667,767 1849,826 1261,415 1849,763 2947,911 3234,799 2953,667 3118,297 1366,437 1876,39 2622,766 3524,422 3361,001 2902,654 2910,892 3149,857 3139,463 3442,116 5553,465 0 0 767,3 1300,467 1196,336 129,644 755,506 407,874 488,348 287,885 0 157,919 645,676 758,489 206,689 0 0 0 0 0 0 0 0 0 0 0 0 0 0 0 0 0 0 0 0 0 0 0 0 0 0 0 0 0 0 0 0 0 0 0 0 0 0 0 0
0 0 0 0 0 0 0 0 0 0 0 0 0 257,786 595,873 231,193 1275,99 877,958 848,528 1078,867 1719,54 1495,908 1536,758 1696,084 1581,031 1569,114 2758,856 3601,853 2928,147 3376,785 1840,73 2060,797 2803,165 3225,964 3033,421 2881,836 2599,92 2843,328 2962,553 3358,344 3771,495 0 0 1718,114 1210,947 1287,201 546,352 320,476 174,082 349,12 106,288 325,054 0 0 0 0 0 0 0 0 0 0 0 0 0 0 0 0 0 0 0 0 0 0 0 0 0 0 0 0 0 0 0 0 0 0 0 0 0 0 0 0 0 0 0 0
0 0 0 0 0 0 0 0 0 0 0 0 0 34,475 615,476 0 1035,194 1238,301 646,086 822,175 1364,823 1336,146 1412,395 1893,804 1800,23 1406,959 2360,073 3552,667 3706,367 1804,889 2222,163 2219,75 2965,741 2966,769 2722,991 2903,898 2484,831 2455,244 2649,708 2887,488 538,18 656,667 0 1801,849 1342,102 1132,302 348,035 75,589 0 0 0 0 0 276,054 135,272 0 0 0 0 0 0 0 0 0 0 0 0 0 0 0 0 0 0 0 0 0 0 0 0 0 0 0 0 0 0 0 0 0 0 0 0 0 0 0 0 0
0 0 0 0 0 0 0 0 0 0 0 0 0 0 187,189 0 609,477 1214,951 745,386 902,452 1023,439 1248,402 1794,661 1912,549 1595,643 1300,574 2158,782 3113,176 3841,236 1655,545 2151,125 2653,428 2696,321 2471,063 2355,122 2598,13 2544,249 2028,603 2064,109 2370,892 661,273 1215,424 939,628 440,101 0 1165,777 0 0 574,02 0 11,983 0 0 0 0 0 0 0 0 0 0 0 0 0 0 0 0 0 0 0 0 0 0 0 0 0 0 0 0 0 0 0 0 0 0 0 0 0 0 0 0 0 0 0 0 0
0 0 0 0 0 0 0 0 0 0 0 0 0 0 0 170,343 546,387 1529,66 875,596 568,678 1141,124 1440,165 2200,677 1752,433 1443,409 1286,941 2169,107 3047,031 3351,033 2287,539 2193,302 2605,092 3285,917 2237,301 2179,404 2325,227 2267,851 1817,918 1564,608 1693,505 730,106 308,413 118,979 25,157 336,663 1761,768 0 0 0 266,875 0 0 0 0 0 0 0 0 0 0 0 0 0 0 0 0 0 0 0 0 0 0 0 0 0 0 0 0 0 0 0 0 0 0 0 0 0 0 0 0 0 0 0 0 0 0
0 0 0 0 0 0 0 0 0 0 0 0 0 0 0 1710,282 0 1327,875 677,478 950,589 1089,857 1548,242 2071,748 1861,946 1439,54 1213,359 2805,225 3581,072 3121,749 2524,09 2423,805 2625,193 3322,385 2454,556 2157,951 2094,658 1888,671 1882,414 1328,114 1032,184 568,743 38,173 0 0 531,091 89,689 0 0 571,958 346,17 0 634,564 0 0 0 0 0 0 0 0 0 0 0 0 0 0 0 0 0 0 0 0 0 0 0 0 0 0 0 0 0 0 0 0 0 0 0 0 0 0 0 0 0 0 0 0
0 0 0 0 0 0 0 0 0 0 0 0 0 0 0 767,453 0 0 0 625,744 1160,927 1433,66 1753,951 1770,246 1571,064 1480,937 2617,607 3640,446 3141,836 2705,179 2585,386 2749,219 2866,082 2433,442 2188,647 2205,231 1925,374 1172,724 664,544 0 0 615,59 614,639 557,917 169,776 0 0 423,976 575,9 65,369 0 0 0 0 0 0 0 0 0 0 0 0 0 0 0 0 0 0 0 0 0 0 0 0 0 0 0 0 0 0 0 0 0 0 0 0 0 0 0 0 0 0 0 0 0 0
0 0 0 0 0 0 0 0 0 0 0 0 0 0 0 0 0 1245,065 0 177,418 430,679 1203,741 1525,547 1630,42 1705,719 1923,857 2326,734 3042,157 2946,219 2740,671 2542,467 2857,25 2440,534 2217,131 1509,881 0 0 0 0 0 0 396,495 836,368 664,051 0 0 0 0 0 0 0 0 0 0 0 0 0 0 0 0 0 0 0 0 0 0 0 0 0 0 0 0 0 0 0 0 0 0 0 0 0 0 0 0 0 0 0 0 0 0 0 0 0 0 0 0
0 0 0 0 0 0 0 0 0 0 0 0 0 0 0 0 0 0 0 0 178,683 629,247 1076,003 1495,657 1856,882 2173,937 2094,74 2505,096 2644,918 2714,922 2677,598 2669,857 2381,932 889,462 0 0 0 1419,544 10,689 0 0 601,082 988,23 282,967 0 0 0 0 0 0 0 0 0 0 0 0 0 0 0 0 0 0 0 0 0 0 0 0 0 0 0 0 0 0 0 0 0 0 0 0 0 0 0 0 0 0 0 0 0 0 0 0 0 0 0 0
0 0 0 0 0 0 0 0 0 0 0 0 0 0 374,458 0 0 0 210,739 0 0 800,48 1601,092 1588,473 1706,463 2186,928 2059,945 2084,365 2461,412 2687,62 2827,585 3213,988 0 0 1283,209 1760,512 0 0 979,761 292,38 0 0 755,467 318,698 0 12,754 0 0 0 0 0 0 0 0 0 0 0 0 0 0 0 0 0 0 0 0 0 0 0 0 0 0 0 0 0 0 0 0 0 0 0 0 0 0 0 0 0 0 0 0 0 0 0 0 0 0
0 0 0 0 0 0 0 0 0 0 0 0 0 0 0 329,531 0 0 0 0 0 1091,79 362,536 1082,084 1396,468 2076,467 1916,45 1922,031 2347,503 2683,159 2977,285 2602,569 0 0 772,767 0 843,064 0 0 873,918 0 0 0 260,993 0 0 0 0 0 0 0 0 0 0 0 0 0 0 0 0 0 0 0 0 0 0 0 0 0 0 0 0 0 0 0 0 0 0 0 0 0 0 0 0 0 0 0 0 0 0 0 0 0 0 0 0
0 0 0 0 0 0 0 0 0 0 0 0 0 0 0 13,424 478,996 0 0 0 0 0 0 1193,454 1407,48 1784,597 1721,826 1424,412 2333,475 2767,78 3178,115 0 1350,3 0 0 0 571,812 816,55 0 0 1483,383 449,279 0 0 0 0 0 0 0 0 0 0 0 0 0 0 0 0 0 0 0 0 0 0 0 0 0 0 0 0 0 0 0 0 0 0 0 0 0 0 0 0 0 0 0 0 0 0 0 0 0 0 0 0 0 0
0 0 0 0 0 0 0 0 0 0 0 0 0 0 0 0 317,598 507,135 0 0 669,844 0 0 0 943,467 1516,409 1206,554 1247,319 1864,65 0 0 0 0 0 699,573 0 51,045 0 0 0 0 84,444 1355,055 0 0 0 0 0 0 0 0 0 0 0 0 0 0 0 0 0 0 0 0 0 0 0 0 0 0 0 0 0 0 0 0 0 0 0 0 0 0 0 0 0 0 0 0 0 0 0 0 0 0 0 0 0
0 0 0 86,396 0 0 0 0 0 0 0 0 216,857 0 0 0 0 0 533,877 771,767 0 0 658,606 0 0 543,668 0 0 0 306,175 624,857 0 0 297,906 0 0 0 0 0 0 231,753 0 0 0 0 0 0 0 0 0 0 0 0 0 0 0 0 0 0 0 0 0 0 0 0 0 0 0 0 0 0 0 0 0 0 0 0 0 0 0 0 0 0 0 0 0 0 0 0 0 0 0 0 0 0 0
0 0 0 853,766 0 0 0 0 0 0 0 0 575,157 0 0 0 928,598 282,135 33,289 1032,851 1353,163 0 2397,234 0 0 0 0 480,444 619,676 89,153 186,643 436,533 0 0 0 0 0 0 0 0 0 310,276 0 0 0 0 0 0 0 0 0 0 0 0 0 0 0 0 0 0 0 0 0 0 0 0 0 0 0 0 0 0 0 0 0 0 0 0 0 0 0 0 0 0 0 0 0 0 0 0 0 0 0 0 0 0
0 0 0 881,85 0 0 0 0 0 0 0 0 1053,182 34,847 0 0 1474,454 59,874 224,663 104,182 1935,269 1240,439 0 0 9,058 170,421 0 0 0 465,93 0 0 0 0 0 0 0 0 0 0 0 0 357,398 0 0 0 0 0 0 0 0 0 0 0 0 0 0 0 0 0 0 0 0 0 0 0 0 0 0 0 0 0 0 0 0 0 0 0 0 0 0 0 0 0 0 0 0 0 0 0 0 0 0 0 0 0
0 0 618,083 0 0 0 0 0 0 0 0 0 2129,289 0 15,652 0 727,473 0 92,268 274,853 1514,738 2426,24 0 0 0 0 0 0 0 323,522 389,832 346,349 0 0 0 0 0 0 0 0 0 0 0 0 0 0 0 0 0 0 0 0 0 0 0 0 0 0 0 0 0 0 0 0 0 0 0 0 0 0 0 0 0 0 0 0 0 0 0 0 0 0 0 0 0 0 0 0 0 0 0 0 0 0 0 0
0 0 636,759 0 0 0 0 0 0 0 0 759,799 2356,677 0 219,806 588,922 124,835 2,939 0 391,787 1579,587 2256,901 2546,818 0 333,641 671,411 1044,274 522,634 0 0 0 0 0 0 255,111 94,754 0 0 0 0 0 0 0 0 0 0 0 0 0 0 0 0 0 0 0 0 0 0 0 0 0 0 0 0 0 0 0 0 0 0 0 0 0 0 0 0 0 0 0 0 0 0 0 0 0 0 0 0 0 0 0 0 0 0 0 0
0 0 777,648 0 0 0 0 0 0 0 0 1223,097 2197,476 0 140,899 1085,621 605,02 185,758 0 1950,383 2996,463 1541,638 0 0 118,85 0 69,679 541,972 636,768 0 62,706 0 0 0 0 0 0 0 0 0 0 0 0 0 0 0 0 0 0 0 0 0 0 0 0 0 0 0 0 0 0 0 0 0 0 0 0 0 0 0 0 0 0 0 0 0 0 0 0 0 0 0 0 0 0 0 0 0 0 0 0 0 0 0 0 0
0 713,341 360,613 0 0 0 0 0 0 0 40,405 1537,027 1683,24 0 0 292,939 1176,28 563,805 781,613 3168,55 3470,872 0 0 338,016 13,359 0 0 0 0 0 97,358 0 0 0 0 0 0 0 0 0 0 0 0 0 0 0 0 0 0 0 0 0 0 0 0 0 0 0 0 0 0 0 0 0 0 0 0 0 0 0 0 0 0 0 0 0 0 0 0 0 0 0 0 0 0 0 0 0 0 0 0 0 0 0 0 0
0 1466,74 0 0 0 0 0 0 0 194,875 168,327 1510,527 1478,985 0 0 402,429 1475,343 1468,836 3639,637 0 808,003 0 569,953 545,37 178,273 0 0 0 0 0 0 0 0 0 0 0 0 0 0 0 0 0 0 0 0 0 0 0 0 0 0 0 0 0 0 0 0 0 0 0 0 0 0 0 0 0 0 0 0 0 0 0 0 0 0 0 0 0 0 0 0 0 0 0 0 0 0 0 0 0 0 0 0 0 0 0
461,426 963,835 0 0 0 0 0 126,898 34,478 165,862 79,295 467,074 2226,869 0 0 0 2046,051 2318,068 3420,061 1523,099 0 0 275,837 310,807 260,439 379,264 6,967 0 0 0 0 0 0 0 0 0 0 0 0 0 0 0 0 0 0 0 0 0 0 0 0 0 0 0 0 0 0 0 0 0 0 0 0 0 0 0 0 0 0 0 0 0 0 0 0 0 0 0 0 0 0 0 0 0 0 0 0 0 0 0 0 0 0 0 0 0
0 196,874 0 0 0 0 0 255,334 0 589,217 0 1053,281 1636,029 1095,146 1134,797 0 1233,351 3122,782 3727,222 1735,491 0 257,21 857,938 0 65,269 456,571 215,102 277,685 0 0 0 0 0 0 0 0 0 0 0 0 0 0 0 0 0 0 0 0 0 0 0 0 0 0 0 0 0 0 0 0 0 0 0 0 0 0 0 0 0 0 0 0 0 0 0 0 0 0 0 0 0 0 0 0 0 0 0 0 0 0 0 0 0 0 0 0
0 0 0 82,339 0 137,455 0 0 0 17,573 510,077 1157,489 2602,682 0 1962,753 2169,436 0 1289,222 986,044 969,692 818,174 0 0 0 0 0 115,718 411,704 0 0 0 0 0 0 0 0 0 0 0 0 0 0 0 0 0 0 0 0 0 0 0 0 0 0 0 0 0 0 0 0 0 0 0 0 0 0 0 0 0 0 0 0 0 0 0 0 0 0 0 0 0 0 0 0 0 0 0 0 0 0 0 0 0 0 0 0
0 454,856 423,836 388,928 143,068 0 381,639 0 161,016 580,214 1089,454 1397,092 2902,125 0 0 2004,869 2047,253 299,974 0 1442,202 431,754 0 0 589,866 157,934 0 318,109 387,503 125,185 0 0 0 0 10,025 0 0 0 0 0 0 0 0 0 0 0 0 0 0 0 0 0 0 0 0 0 0 0 0 0 0 0 0 0 0 0 0 0 0 0 0 0 0 0 0 0 0 0 0 0 0 0 0 0 0 0 0 0 0 0 0 0 0 0 0 0 0
