rofental/data/rofental/firn_we_rofental_50.asc
ncols         644
nrows         451
xllcorner     622802,488
yllcorner     5177999,379
cellsize      50
NODATA_value  -9999
[rows 350 to 399 of 451, columns 480 to 575 of 644]
0 0 0 0 0 0 0 0 0 0 0 0 0 0 0 0 0 0 0 0 0 0 0 0 0 0 0 0 0 0 0 79,189 0 0 0 0 0 341,199 128,679 539,645 67,104 416,059 394,965 457,14 25,49 0 20,366 246,213 730,077 988,354 3076,918 993,557 1958,904 1871,175 0 0 1265,573 3048,991 2782,148 3637,437 3054,643 3168,574 2382,715 2163,059 1776,014 0 603,432 0 0 0 0 0 47,232 0 135,256 0 0 0 0 0 0 0 0 0 0 0 0 0 0 0 0 0 0 0 0 0
0 0 0 0 0 0 0 0 0 0 0 0 0 0 0 0 0 0 0 0 0 0 0 0 0 0 0 0 0 0 432,582 547,004 0 0 0 0 137,852 217,248 80,762 709,169 332,597 569,746 665,878 759,985 675,801 463,106 341,056 657,427 1152,591 1053,019 3677,638 0 538,373 845,69 0 0 0 0 1338,489 456,975 1520,864 856,481 0 0 0 0 0 0 0 0 255,385 0 481,54 0 953,312 0 601,676 0 0 0 0 0 0 0 0 0 0 0 0 0 0 0 0 0 0 0
0 0 0 0 0 0 0 0 0 0 0 0 0 0 0 0 0 0 0 0 0 0 0 0 0 0 0 179,252 2,401 250,489 412,84 728,263 131,966 0 0 0 0 105,633 404,978 768,792 0,374 710,387 679,841 1418,764 1285,173 698,706 683,62 712,555 901,064 1153,053 3567,857 265,286 0 0 59,778 0 0 0 0 0 0 0 0 0 1077,176 0 0 1407,072 0 0 0 910,926 0 0 769,146 502,257 268,203 149,107 0 0 143,572 0 0 0 0 0 0 0 0 0 0 0 0 0 0 0
0 0 0 0 0 0 0 0 0 0 0 0 0 0 0 0 0 0 0 0 0 0 38,605 0 0 0 0 84,169 0 43,508 178,535 503,391 163,389 110,463 87,612 95,525 148,198 249,872 396,061 685,046 298,904 673,945 308,703 239,611 1027,283 932,634 573,636 688,38 955,538 1035,887 2500,11 791,71 696,83 777,578 350,836 0 0 0 285,933 635,271 117,895 0 0 443,278 1806,356 866,326 1786,922 1183,205 0 0 0 714,938 704,564 1168,471 0 1576,269 38,444 241,651 0 0 117,51 0 16,447 0 0 0 0 0 0 0 0 0 0 0 0 0
0 0 0 0 0 0 0 0 0 0 0 0 0 0 0 0 0 0 0 0 0 28,344 64,366 0 0 0 58,572 27,655 0 0 0 167,932 149,554 90,262 131,049 340,026 514,989 504,245 456,577 729,852 326,158 399,929 301,478 104,62 441,682 699,076 598,939 996,983 1238,201 1158,496 1208,099 850,33 990,152 1464,645 1701,983 1262,481 1572,17 1061,019 1455,415 1563,662 1416,52 696,755 1569,178 0 1981,779 1274,26 1692,817 2828,386 0 719,966 0 0 296,606 153,551 0 1286,503 596,968 188,265 423,644 0 0 566,795 0 0 0 0 0 0 0 0 0 0 0 0 0 0
0 0 0 0 0 0 0 0 0 0 0 0 0 0 0 0 0 0 0 0 0 0 0 0 0 0 0 0 0 0 0 61,248 149,417 147,645 287,978 555,191 566,581 519,45 496,094 697,904 410,713 370,644 322,906 90,891 797,232 571,218 785,919 1520,766 1356,093 1246,299 1182,328 1275,895 1022,912 993,608 926,044 1087,378 1190,861 1165,033 1272,383 1546,22 1680,211 1426,491 1835,1 1136,605 1366,867 1205,193 1475 2038,275 1878,38 2249,567 1951,266 0 0 620,513 0 1853,968 148,963 501,167 676,208 0 84,999 0 0 0 0 0 0 0 0 0 0 0 0 0 0 0
0 0 0 0 0 0 0 0 0 0 0 0 0 0 0 0 0 0 0 0 0 0 0 0 0 0 0 0 0 0 86,531 336 539,406 225,719 248,14 471,647 221,608 460,9 279,081 594,28 234,211 815,353 312,753 412,069 656,55 540,215 1242,616 1159,546 1101,825 1198,632 1365,31 1427,326 1118,149 1017,291 983,807 1093,677 1087,699 1113,445 1163,361 1381,846 1625,9 1585,137 1424,138 1240,733 1223,343 1382,029 1350,252 1334,342 1430,934 1670,972 2243,821 1805,828 0 0 250,101 1872,187 850,484 190,743 658,28 82,355 436,242 0 0 0 0 0 0 0 0 0 0 0 0 0 0 0
0 0 0 0 0 0 0 0 0 0 0 0 0 0 0 0 0 0 0 0 0 0 0 0 0 0 0 0 0 156,709 179,434 257,435 456,177 101,79 117,437 112,248 213,73 170,117 258,746 380,336 382,775 465,095 416,403 493,977 550,154 531,421 975,385 971,746 989,785 1230,679 1289,149 1254,367 1117,749 1600,075 1046,622 1189,605 1175,587 1182,997 1366,894 1579,779 1763,021 1519,384 1442,885 1445,492 1414,246 1555,475 1508,431 1513,757 1503,768 1623,249 2040,444 2970,661 1027,828 0 0 537,374 1805,246 1588,947 1068,327 1590,146 1235,083 0 0 0 0 0 0 0 0 0 0 0 0 0 0 0
0 0 0 0 0 0 0 0 0 0 0 30,546 0 0 0 0 25,679 0 0 0 0 0 0 0 0 0 0 0 0 47,831 198,886 126,486 0 0 281,067 95,706 123,24 75,085 218,053 295,638 415,664 441,101 451,981 483,845 602,568 635,967 774,995 979,258 910,119 1015,899 1140,682 1443,23 1294,925 1246,078 1126,558 1180,611 1183,407 1202,982 1427,293 1668,25 1635,662 1404,141 1390,519 1503,53 1449,904 1568,632 1525,87 1499,123 1476,844 1579,149 1701,962 1770,228 2659,93 671,416 0 3471,904 798,292 1246,509 1391,372 2702,507 0 0 0 0 0 0 0 0 0 0 0 0 0 0 0 0
0 0 0 0 0 0 0 0 0 0 0 0 0 0 0 0 319,878 0 0 0 0 0 153,378 0 0 0 0 0 0 0 43,287 0 145,489 28,642 99,008 133,295 4,765 595,264 67,361 233,666 380,759 418,608 445,761 477,781 606,434 626,517 731,57 841,053 884,19 902,711 1118,537 1390,143 1346,148 1300,697 1264 1231,944 1189,299 1258,648 1561,778 1746,29 1610,814 1396,552 1440,947 1574,12 1506,473 1554,106 1535,826 1505 1527,802 1605,675 1683,96 1711,837 1796,654 2354,65 1010,835 0 0 1781,596 0 0 0 0 0 0 0 0 0 0 0 0 0 0 0 0 0 0
0 0 0 0 0 0 0 0 0 0 0 0 0 0 0 0 287,983 0 0 0 760,512 592,98 186,604 0 0 0 0 0 0 0 0 0 0 77,875 85,434 217,341 262,864 343,357 157,299 251,744 399,201 461,477 550,386 550,039 664,573 662,03 717,224 769,699 880,786 890,099 1127,968 1338,465 1361,113 1436,269 1323,267 1291,136 1206,407 1226,034 1557,328 1867,253 1525,996 1304,732 1447,085 1579,255 1510,822 1553,443 1563,2 1514,469 1562,25 1632,104 1688,298 1793,461 1755,398 1618,314 1793,797 971,236 942,545 0 0 0 0 0 0 0 0 0 0 0 0 0 0 0 0 0 0 0
238,7 109,388 0 0 0 0 0 0 0 0 0 0 0 0 0 0 0 34,894 0 0,892 763,295 0 1211,966 810,465 163,024 0 28,188 0 189,215 0 0 548,625 0 44,691 192,939 308,934 365,287 356,967 378,573 335,969 407,799 516,744 618,503 654,64 608,61 725,986 727,227 792,647 803,24 950,734 1194,312 1443,772 1348,904 1398,673 1286,886 1313,59 1271,222 1164,196 1473,072 1777,442 1488,136 1313,779 1420,344 1562,136 1511,973 1565,299 1535,134 1559,348 1572,975 1658,549 1740,124 1844,971 1758,9 1659,54 1462,783 1276,735 1677,129 0 0 0 0 0 0 0 0 0 0 0 0 0 0 0 0 0 0 0
403,588 703,565 0 0 0 0 0 0 217,588 0 0 164,585 288,446 0 0 191,409 182,271 0 0 591,025 67,08 1152,306 0 0 1134,416 921,033 778,841 143,209 474,723 383,158 9,936 175,456 76,875 187,444 222,554 308,336 459,528 498,923 486,508 443,703 459,922 506,691 654,278 718,243 714,129 754,949 738,357 814,172 820,573 955,279 1270,805 1532,258 1228,81 1228,119 1245,589 1251,096 1221,303 1180,647 1368,067 1602,609 1544,389 1343,11 1419,394 1513,369 1517,31 1563,431 1540,589 1543,751 1613,315 1677,047 1796,46 1860,081 1784,872 1762,074 1550,243 1289,675 1363,595 0 0 0 0 0 0 0 0 0 0 0 0 0 0 0 0 0 0 0
562,684 810,068 0 0 0 0 568,398 0 0 0 0 294,708 1023,473 0 0 176,156 185,63 0 0 1328,746 0 489,088 1503,278 0 0 1,749 1333,432 1476,723 473,203 623,318 539,168 391,363 278,721 319,427 483,421 397,134 515,045 632,796 561,618 553,654 501,856 520,897 649,19 730,903 729,89 810,192 802,358 836,913 838,553 996,384 1334,579 1519,856 1200,828 1154,019 1118,732 1150,823 1246,582 1231,023 1308,899 1474,933 1447,963 1390,986 1386,741 1496,267 1503,361 1543,396 1546,597 1528,102 1606,773 1693,834 1851,656 1869,29 1853,13 1750,515 1669,026 1470,383 1238,315 0 0 0 0 0 0 0 0 0 0 0 0 0 0 0 0 0 0 0
703,845 930,467 219,411 0 0 0 988,364 0 643,808 0 0 150,208 1725,38 0 0 0 0 0 0 1191,63 1194,58 263,784 976,237 1023,976 0,265 0 0 1581,848 1581,942 1547,262 1537,267 919,083 794,983 870,791 651,049 589,913 574,805 645,247 590,798 605,258 575,317 546,654 581,446 684,087 748,073 847,069 881,948 871,336 890,347 1035,363 1276,358 1385,822 1188,226 1162,511 1083,499 1107,053 1192,582 1251,863 1320,681 1432,584 1435,894 1435,356 1432,075 1459,653 1473,486 1556,582 1541,028 1522,166 1609,61 1728,669 1899,849 1782,178 1766,397 1752,098 1758,783 1658,279 1360,282 0 0 0 0 0 0 0 0 0 0 0 0 0 0 0 0 0 0 0
978,776 1072,786 406,648 0 0 0 1261,411 107,976 314,334 0 160,019 0 1419,77 806,387 999,162 0 347,091 581,646 15,274 1441,683 368,766 877,849 869,088 886,463 1174,186 1043,476 0 44,629 3049,94 0 1730,982 1366,32 2078,679 1213,869 841,4 871,753 722,302 688,757 549,438 619,166 538,366 598,091 567,455 647,077 782,839 837,387 896,154 913,947 930,036 1093,192 1200,157 1215,622 1160,088 1195,159 1086,712 1110,016 1114,846 1268,401 1402,716 1525,619 1467,86 1449,43 1457,167 1416 1438,815 1493,076 1531,54 1519,529 1608,465 1787,239 1869,865 1782,088 1717,194 1757,341 1756,788 1756,878 1481,175 0 0 469,446 0 0 135,123 0 0 0 0 0 0 0 0 36,847 0 0 238,439 0
1059,68 978,734 662,023 0 0 0 1196,482 141,121 203,659 0 1007,19 1,001 0,58 395,976 1341,593 0 742,057 270,626 270,478 747,274 520,678 608,676 1127,402 1091,195 798,235 1482,264 1813,076 0 0 0 2808,963 129,683 0,89 1602,825 1162,876 1402,831 929,486 649,373 628,876 589,286 493,877 615,571 564,921 690,158 740,036 802,627 845,748 906,934 933,779 1143,406 1178,831 1196,134 1137,304 1192,398 1114,857 1136,006 1122,12 1377,044 1518,516 1454,272 1456,36 1466,398 1471,255 1426,211 1413,823 1482,787 1496,359 1540,496 1621,774 1834,042 1879,471 1816,161 1724,252 1787,825 1806,23 1821,824 1533,767 407,291 0 152,223 0 0 600,197 0 0 0 0 0 0 0 67,046 82,761 0 0 0 0
1143,004 1018,692 861,44 81,002 0 0 1470,475 110,745 0 215,393 733,617 92,885 0 104,923 947,42 429,947 555,56 219,676 185,235 324,613 655,459 452,781 1305,784 1345,95 1184,885 1388,462 2543,912 2656,885 0 0 1730,042 561,177 0 2185,369 0 1721,968 1135,594 1003,156 1053,772 891,794 731,654 659,4 606,026 645,422 687,695 760,776 800,777 816,561 928,49 1157,276 1254,038 1198,833 1103,543 1130,12 1128,492 1081,836 1164,067 1509,896 1551,881 1272,075 1333,442 1428,488 1426,784 1422,791 1479,592 1449,588 1495,959 1561,826 1637,775 1754,537 1863,89 1854,945 1759,606 1832,944 1836,553 1857,048 1694,824 41,865 0 0 0 333,452 457,467 0 0 0 491,653 126,291 98,498 0 64,458 0 0 0 0 0
1631,172 1276,844 1307,51 0 0 0 1180,889 416,452 214,959 434,337 803,795 628,779 0 0 729,69 1149,73 743,276 0 1097,082 540,899 311,671 317,654 1417,959 1264,61 1549,811 1961,612 1848,974 0 0 0 0 360,7 0 2142,459 0 1909,934 1399,545 1656,188 1950,921 1785,59 1712,717 1074,122 781,948 695,389 633,87 645,288 710,396 731,648 836,904 1058,413 1145,159 1108,04 1049,606 1051,871 1005,483 1001,216 1077,481 1471,631 1569,426 1236,916 1192,673 1270,036 1346,742 1379,522 1419,267 1470,372 1435,467 1461,439 1549,148 1668,077 1758,765 1736,951 1724,077 1770,749 1757,351 1859,675 1668,13 0 0 0 367,287 458,327 266,47 440,222 0 0 366,554 287,33 367,805 158,96 0 0 0 0 0 0
1598,654 1751,549 1474,817 31,379 0 418,179 909,615 509,679 851,441 373,368 1543,172 1455,167 301,634 338,388 541,589 1227,152 1187,401 334,776 367,787 1826,851 0 274,447 966,086 898,167 1429,46 861,941 1854,966 2028,622 297,654 907,538 1695,965 0 0 1857,828 0,211 3,243 2989,196 1432,716 1270,148 0 791,812 1576,829 1530,253 818,12 609,461 612,674 664,917 694,666 719,341 947,78 1105,922 1171,441 1135,991 1143,561 1075,796 1024,058 1077,951 1190,13 1591,074 1453,023 1246,707 1254,709 1303,791 1332,424 1409,177 1522,488 1544,974 1549,224 1652,063 1631,89 1813,802 1918,259 1889,277 1927,867 1954,927 2085,438 1713,394 140,364 0 816,94 222,987 1,736 374,682 455,939 0 0 0 570,705 183,921 283,018 0 0 0 0 21,836 0
1532,814 685,121 547,73 0 0 0 1193,498 1191,821 1297,306 1108,157 1380,661 3111,398 0 1183,018 622,987 604,636 1189,773 298,694 0 1932,08 1681,248 1056,375 989,116 1074,53 84,878 2328,475 915,688 1398,784 1916,5 2357,153 0 0 0 1495,476 0 2232,878 1473,763 0 0 0 0 0 0 61,51 0 230,346 211,024 0 345,094 785,155 1038,875 1091,246 1073,388 1159,557 1122,175 1020,61 1074,683 1106,357 1372,15 1508,931 1327,496 1243,83 1249,09 1251,786 1388,028 1486,087 1468,69 1538,776 1684,939 1571,997 1789,275 1922,333 1920,639 1846,289 1798,59 1909,387 1597,402 869,659 0 1679,748 410,953 0 763,279 752,39 0 0 0 588,046 315,76 42,598 0 0 0 0 86,823 0
838,339 895,546 838,772 0 736,749 83,471 1348,628 1721,309 855,475 2180,697 3375,812 3796,197 0 0 1361,679 1948,981 855,539 1194,675 2845,664 0,293 1,092 2326,234 2502,461 2217,084 1554,197 1252,777 918,476 1710,664 2259,314 2235,632 0 1947,758 0 0 82,088 0 0 0 0 0 0 0 0 0 912,742 0 699,681 1793,032 0 462,898 819,197 980,182 1008,313 1155,618 1076,724 1021,734 1045,887 1033,03 1126,843 1334,129 1366,975 1240,265 1189,836 1213,589 1347,206 1419,94 1429,752 1485,266 1637,21 1669,667 1781,08 1935,564 1918,206 1763,361 1657,297 1783,14 1542,428 1928,546 0 209,375 677,428 1016,206 770,707 1127,642 131,48 0 0 258,019 422,563 99,341 0 168,366 464,922 74,414 164,4 221,03
890,735 951,961 582,049 0 2163,916 40,115 344,734 2267,868 2733,572 3845,03 2094,887 1936,181 0 0 25,139 1809,378 2376,391 1413,469 2430,375 2056,773 0 1732,382 1254,736 2831,321 0 1414,252 607,693 492,152 510,884 0 1334,844 0 0 0 558,113 0 0 0 0 0 0 0 0 0 504,247 1514,005 0 0 59,876 279,467 755,471 994,418 987,492 1058,768 1134,747 1090,548 1112,737 1039,892 1052,125 1151,614 1292,986 1285,379 1192,065 1180,209 1217,033 1349,121 1347,509 1407,634 1479,958 1622,75 1870,768 1953,101 1814,615 1562,226 1526 1646,243 1486,653 1903,381 137,44 708,307 0 0 1040,986 855,972 470,471 0 0 287,567 333,385 1086,938 41,155 0 872,58 716,935 211,238 94,451
1395,122 0 667,598 0 0 642,931 1011,042 1389,146 3505,921 3068,029 1277,205 1688,655 0 0 0 245,36 2354,607 3086,939 2424,684 0 0 0 0 0 0 900,879 0 0 0 215,955 1322,676 0 0 0 0 0 0 0 0 0 0 0 0 0 367,075 0 0 0 303,339 0 0 61,732 1067,844 904,128 1036,918 1098,945 1014,671 1122,229 1111,878 1089,568 1192,943 1286,788 1183,863 1214,329 1109,076 1253,201 1265,636 1306,531 1317,493 1580,259 1931,845 1592,166 1614,867 1535,959 1469,704 1505,866 1549,197 2578,579 2152,386 0 0 521,217 1328,783 424,641 427,394 0 0 281,964 827,153 1229,624 278,261 0 393,726 1406,801 423,051 249,402
1972,561 1331,54 0 0 0 0 1330,988 1081,721 2366,153 2761,507 0 0 0 0 0 0 0 0 620,096 0 0 822,765 0 0 0 778,885 0 0 0 34,395 0 0 0 0 0 0 0 0 0 0 0 0 0 0 539,195 0 0 0 0 0 0 1714,751 344,532 274,695 1361,35 1179,943 1185,591 1164,129 1020,165 1081,347 1060,298 1099,494 1103,161 1342,271 1127,081 1192,323 1155,953 1208,88 1243,41 1500,671 1899,682 1525,995 1499,365 1441,63 1385,834 1514,679 1833,684 3619,559 1039,451 0 810,863 129,3 1156,633 223,935 179,004 0 0 567,181 1029,606 1079,415 362,223 0 0 1432,633 1049,499 184,269
2247,322 344,818 0 0 0 886,76 0 0 957,932 0 0 496,521 0 0 0 0 0 0 852,355 0 0 1101,332 0 0 0 0 0 0 0 0 0 0 0 0 0 0 0 0 0 0 0 0 0 0 0 0 0 411,237 0 0 331,357 146,176 0 0 0 754,184 1586,667 1479,851 1311,439 1088,029 1055,95 1188,484 1281,297 1072,186 1110,71 885,461 831,872 939,831 1064,666 986,377 971,522 1831,461 1614,584 1495,365 1375,985 1702,215 2189,545 2837,577 0 0 0 0 514,058 440,123 66,035 0 0 214,605 1096,085 1213,317 585,391 169,888 208,776 276,115 1674,288 1268,616
2734,315 0 0 0 423,492 0 0 0 0 0 0 0 0 0 0 0 0 0 316,026 0 0 545,358 0 0 0 0 0 0 0 0 0 0 0 0 0 0 0 0 0 0 0 0 0 0 0 0 0 0 0 0 82,37 0 109,291 1713,085 422,737 0 0 0 1429,357 1455,776 1461,378 1545,627 1473,248 1248,44 1001,94 907,591 620,725 406,066 0 0 1223,221 474,544 1318,338 686,565 914,31 1087,052 0 0 0 0 0 925,462 103,896 0 353,502 0 0 0 977,088 1297,141 943,615 705,681 802,603 1368,279 0 932,524
2684,662 0 0 0 1220,225 0 0 0 0 0 0 0 0 0 0 0 0 0 0 0 0 0 0 0 0 0 0 0 0 0 0 0 0 0 0 0 0 0 0 0 0 0 0 0 0 0 0 0 0 0 0 631,142 231,096 0 0 1719,454 1372,647 886,776 0 704,98 536,596 871,152 1108,787 1209,256 895,095 292,244 0 0 0 198 1861,597 1065,955 802,718 0 0 0 0 239,647 0 2248,157 0 0 0 0 756,097 183,669 0 0 653,288 1515,362 1224,746 1208,241 1095,662 935,626 0 1,63
2450,179 0 0 0 118,426 781,382 0 0 0 0 0 0 0 0 0 0 0 0 0 0 0 0 0 0 0 0 0 0 0 0 0 0 0 0 0 0 0 0 0 0 0 0 0 0 0 0 0 0 0 0 0 0 0 0 561,857 606,981 700,605 383,536 0 0 0 0 416,635 1,381 0 0 0 13,222 0 874,814 1507,078 1162,916 1459,048 0 0 0 0 0 1707,31 2297,276 2471,294 0 101,433 0 0 734,797 290,81 748,135 0 2020,583 1463,539 1591,645 649,707 1106,406 497,951 500,913
0 0 0 0 0 935,044 99,373 0 0 0 0 0 0 0 0 0 0 0 0 0 0 0 0 0 0 0 0 0 0 0 0 0 0 0 0 0 0 0 0 0 0 0 0 0 0 0 0 0 0 0 0 0 0 0 579,909 627,976 783,488 0 0 1765,537 0 0 0 0 0 0 0 0 0 455,559 1340,646 0 0 0 0 0 0 1133,928 2073,192 295,338 0 0 0 0 0 1258,742 689,389 1791,531 0 1364,618 1661,206 1861,246 204,882 1367,576 1257,588 773,152
0 0 341,741 0 0 954,72 209,046 0 0 0 0 0 0 0 0 0 0 0 0 0 0 0 0 0 0 0 0 0 0 0 0 0 0 0 0 0 0 0 0 0 0 0 0 0 0 0 0 0 0 0 0 0 0 0 406,095 25,837 0 397,219 1593,449 0 0 993,609 0 0 0 0 0 0 0 0 500,547 0 525,46 432,583 0 0 0 1345,75 44,077 0 0 0 0 0 0 1389,254 1047,156 1994,804 0 1703,46 2238,99 1873,371 633,044 1572,16 1286,837 685,005
0 0 0 12,327 793,072 19,128 0 0 0 0 0 0 0 0 0 0 0 0 0 0 0 0 0 0 0 0 0 0 0 0 0 0 0 95,607 0 0 0 0 0 0 0 0 0 0 0 0 0 0 0 0 0 0 0 347,775 0 0 0 0 0 0 0 535,639 0 0 0 0 0 0 0 0 312,628 0 0 0 0 0 0 1755,653 0 225,665 11,909 0 1172,308 0 0 1339,759 1001,071 1380,518 1982,135 0 0 1902,239 1068,576 1846,901 1727,103 312,472
0 0 0 297,838 185,454 524,161 0 0 0 0 0 0 0 0 0 0 0 0 0 0 0 0 0 0 0 0 0 0 0 0 0 0 0 0 0 0 0 0 0 0 0 0 0 0 0 0 0 0 0 0 0 0 443,933 0 0 0 108,686 822,362 1157,916 0 0 0 0 0 0 0 0 0 0 0 33,343 0 0 0 0 0 59,984 391,089 0 863,679 0 1142,309 1655,407 0 0 0 0 0 0 0 0 687,176 162,068 1873,253 1530,519 423,726
0 0 0 365,104 12,207 0 0 0 0 0 0 0 0 0 0 0 0 0 0 0 0 0 0 0 0 0 0 0 0 0 0 0 165,213 0 0 0 0 0 0 0 0 0 0 0 0 0 0 0 0 0 0 0 0 0 0 14,102 0 132,163 0 0 0 0 0 0 0 0 0 0 0 0 0 0 0 0 0 0 659,782 0 0 0 541,196 1315,088 466,384 0 0 0 0 0 0 0 0 1453,37 0 0 887,562 476,477
0 0 0 467,847 0 0 0 0 0 0 0 0 0 0 0 0 0 0 0 0 0 0 0 0 0 0 0 0 0 0 0 0 0 0 0 0 0 0 0 0 0 0 0 0 0 0 0 0 0 0 0 0 0 0 0 0 41,08 0 0 0 0 0 0 0 0 0 0 0 0 0 0 0 0 0 0 0 104,435 0 0 0 0 0 0 0 0 0 0 0 0 0 815,121 1536,66 421,752 513,472 0 0
0 0 287,476 0 0 0 0 0 0 0 0 0 0 0 0 0 0 0 0 0 0 0 0 0 0 0 0 0 0 0 0 0 0 0 0 0 0 0 0 0 0 0 0 0 0 0 0 0 0 0 0 0 0 0 0 0 0 0 0 0 0 0 0 0 0 0 0 0 0 0 0 0 0 0 0 0 0 0 0 0 0 32,648 0 0 0 0 0 0 0 0 549,651 0 0 393,087 0 0
56,562 482,126 0 0 0 0 0 0 0 0 0 0 0 0 0 0 0 0 0 0 0 0 0 0 0 0 0 0 0 0 0 0 0 0 0 0 0 0 0 0 0 0 0 0 0 0 0 0 0 0 0 0 0 0 0 0 0 0 0 0 0 0 0 0 0 0 0 0 0 0 0 0 0 0 0 0 0 0 0 0 0 0 0 0 0 0 0 0 0 0 157,758 0 600,509 1091,338 972,842 1290,112
527,009 0 0 0 0 0 0 0 0 0 0 0 0 0 0 0 0 0 0 0 0 0 0 0 0 0 0 0 0 0 0 0 0 0 0 0 0 0 0 0 0 0 0 0 0 0 0 0 0 0 0 0 0 0 0 0 0 0 0 0 0 0 0 0 0 0 0 0 0 0 0 0 0 0 0 0 0 0 0 0 0 0 0 0 0 0 0 0 0 0 0 0 518,885 994,493 47,24 0
0 0 0 0 0 0 0 0 0 0 0 0 0 0 0 0 0 0 0 0 0 0 0 0 0 0 0 0 0 0 0 0 0 0 0 0 0 0 0 0 0 0 0 0 0 0 0 0 0 0 0 0 0 0 0 0 0 0 0 0 0 0 0 0 0 0 0 0 0 0 0 0 0 0 0 0 0 0 0 0 0 0 0 0 0 0 0 0 0 0 0 0 0 0 0 0
9,907 0 0 0 0 0 0 0 0 0 0 0 0 0 0 0 0 0 0 0 0 0 0 0 0 0 0 0 0 0 0 0 0 0 0 0 0 0 0 0 0 0 0 0 0 0 0 0 0 0 0 0 0 0 0 0 0 0 0 0 0 0 0 0 0 0 0 0 0 0 0 0 0 0 0 0 0 0 0 0 0 0 0 0 0 0 0 0 0 0 0 0 0 0 0 0
0 0 0 0 0 0 0 0 0 0 0 0 0 0 0 0 0 0 0 0 0 0 0 0 0 0 0 0 0 0 0 0 0 0 0 0 0 0 0 0 0 0 0 0 0 0 0 0 0 0 0 0 0 0 0 0 0 0 0 0 0 0 0 0 0 0 0 0 0 0 0 0 0 0 0 0 0 0 0 0 0 0 0 0 0 0 0 0 0 0 0 0 0 0 0 0
0 0 0 0 0 0 0 0 0 0 0 0 0 0 0 0 0 0 0 0 0 0 0 0 0 0 0 0 0 0 0 0 0 0 0 0 0 0 0 0 0 0 0 0 0 0 0 0 0 0 0 0 0 0 0 0 0 0 0 0 0 0 0 0 0 0 0 0 0 0 0 0 0 0 0 0 0 0 0 0 0 0 0 0 0 0 0 0 0 0 0 0 0 0 0 0
0 0 0 0 0 0 0 0 0 0 0 0 0 0 0 0 0 0 0 0 0 0 0 0 0 0 0 0 0 0 0 0 0 0 0 0 0 0 0 0 0 0 0 0 0 0 0 0 0 0 0 0 0 0 0 0 0 0 0 0 0 0 0 0 0 0 0 0 0 0 0 0 0 0 0 0 0 0 0 0 0 0 0 0 0 0 0 0 0 0 0 0 0 0 0 0
0 0 0 0 0 0 0 0 0 0 0 0 0 0 0 0 0 0 0 0 0 0 0 0 0 0 0 0 0 0 0 0 0 0 0 0 0 0 0 0 0 0 0 0 0 0 0 0 0 0 0 0 0 0 0 0 0 0 0 0 0 0 0 0 0 0 0 0 0 0 0 0 0 0 0 0 0 0 0 0 0 0 0 0 0 0 0 0 0 0 0 0 0 0 0 0
0 0 0 0 0 0 0 0 0 0 0 0 0 0 0 0 0 0 0 0 0 0 0 0 0 0 0 0 0 0 0 0 0 0 0 0 0 0 0 0 0 0 0 0 0 0 0 0 0 0 0 0 0 0 0 0 0 0 0 0 0 0 0 0 0 0 0 0 0 0 0 0 0 0 0 0 0 0 0 0 0 0 0 0 0 0 0 0 0 0 0 0 0 0 0 0
0 0 0 0 0 0 0 0 0 0 0 0 0 0 0 0 0 0 0 0 0 0 0 0 0 0 0 0 0 0 0 0 0 0 0 0 0 0 0 0 0 0 0 0 0 0 0 0 0 0 0 0 0 0 0 0 0 0 0 0 0 0 0 0 0 0 0 0 0 0 0 0 0 0 0 0 0 0 0 0 0 0 0 0 0 0 0 0 0 0 0 0 0 0 0 0
0 0 0 0 0 0 0 0 0 0 0 0 0 0 0 0 0 0 0 0 0 0 0 0 0 0 0 0 0 0 0 0 0 0 0 0 0 0 0 0 0 0 0 0 0 0 0 0 0 0 0 0 0 0 0 0 0 0 0 0 0 0 0 0 0 0 0 0 0 0 0 0 0 0 0 0 0 0 0 0 0 0 0 0 0 0 0 0 0 0 0 0 0 0 0 0
0 0 0 0 0 0 0 0 0 0 0 0 0 0 0 0 0 0 0 0 0 0 0 0 0 0 0 0 0 0 0 0 0 0 0 0 0 0 0 0 0 0 0 0 0 0 0 0 0 0 0 0 0 0 0 0 0 0 0 0 0 0 0 0 0 0 0 0 0 0 0 0 0 0 0 0 0 0 0 0 0 0 0 0 0 0 0 0 0 0 0 0 0 0 0 0
0 0 0 0 0 0 0 0 0 0 0 0 0 0 0 0 0 0 0 0 0 0 0 0 0 0 0 0 0 0 0 0 0 0 0 0 0 0 0 0 0 0 0 0 0 0 0 0 0 0 0 0 0 0 0 0 0 0 0 0 0 0 0 0 0 0 0 0 0 0 0 0 0 0 0 0 0 0 0 0 0 0 0 0 0 0 0 0 0 0 0 0 0 0 0 0
0 0 0 0 0 0 0 0 0 0 0 0 0 0 0 0 0 0 0 0 0 0 0 0 0 0 0 0 0 0 0 0 0 0 0 0 0 0 0 0 0 0 0 0 0 0 0 0 0 0 0 0 0 0 0 0 0 0 0 0 0 0 0 0 0 0 0 0 0 0 0 0 0 0 0 0 0 0 0 0 0 0 0 0 0 0 0 0 0 0 0 0 0 0 0 0
