rofental/data/rofental/glaciers_rofental_100.asc
ncols         322
nrows         225
xllcorner     622802,488
yllcorner     5178049,379
cellsize      100
NODATA_value  -9999
[rows 60 to 119 of 225, columns 96 to 191 of 322]
0 0 0 0 0 0 0 0 0 0 0 0 0 0 0 0 0 0 0 0 0 0 0 3509 5264 3509 3509 0 0 0 0 0 7008 7008 7008 10512 14016 14016 0 14016 14016 14016 14016 14016 14016 14016 14016 14016 14016 14016 0 0 14016 14016 14016 14015 14015 14015 14015 14015 14015 14015 14015 14015 14015 14015 14015 14015 10511 7008 1067 2133 2133 2133 533 3504 7007 10511 14014 14014 14014 14014 14014 14014 14014 14014 14014 14014 14014 14014 14014 14014 14014 14014 14014 14014
0 0 0 0 0 0 0 0 0 0 0 0 0 0 0 0 0 0 0 0 0 0 0 0 0 0 1755 3510 7019 1755 0 0 0 0 0 3504 7008 3504 0 14016 14016 14016 7008 7008 14016 14016 14016 14016 14016 14016 0 14016 14016 14016 14015 10511 14015 14015 14015 14015 14015 14015 14015 14015 14015 10511 7008 7008 533 2133 2133 2133 2133 2133 2133 533 533 1067 7007 14014 14014 14014 14014 14014 14014 14014 14014 14014 14014 14014 14014 14014 14014 7007 14014 14014
0 0 0 0 0 0 0 0 0 0 0 0 0 0 0 0 0 0 0 0 0 0 0 0 0 0 5264 7019 7019 7019 0 0 0 0 0 0 0 0 3504 14016 14016 14016 14016 14016 14016 14016 14016 14016 14016 10512 7008 14016 14016 14015 3504 0 7008 14015 14015 14015 14015 14015 14015 14015 3504 1067 2133 2133 2133 2133 2133 2133 2133 2133 2133 2133 533 2133 1067 14014 14014 14014 14014 14014 14014 3504 10511 14014 14014 14014 14014 14014 14014 14014 14014 14014
0 0 0 0 0 0 0 0 0 0 0 0 0 0 0 0 0 0 0 0 0 0 0 0 0 0 3510 7019 7019 1755 0 0 0 0 0 0 0 0 0 10512 10512 14016 14016 14016 14016 14016 14016 14016 14016 0 3504 14016 10512 3504 0 0 0 14015 14015 14015 3504 0 7008 533 1600 2133 2133 2133 2133 2133 2133 2133 2133 2133 2133 2133 533 533 533 3504 10511 14014 14014 10511 7007 0 7007 14014 14014 14014 14014 14014 14014 14014 14014 14014
0 0 0 0 0 0 0 0 0 0 0 0 0 0 0 0 0 0 0 0 0 0 0 0 0 0 3510 7019 3510 0 0 0 0 0 3510 0 0 0 0 0 7008 14016 14016 14016 14016 14016 14016 14016 14016 0 0 0 0 1600 2133 2133 1600 4037 7008 7008 0 0 0 1600 2133 2133 2133 2133 2133 2133 2133 2133 2133 2133 2133 1600 0 533 1600 1067 533 533 1067 1067 1067 533 7007 14014 14014 14014 14014 14014 14014 14014 14014 14014
0 0 0 0 0 0 0 0 0 0 0 0 0 0 0 0 0 0 0 0 0 0 0 0 0 0 0 0 0 0 0 0 0 0 7020 5265 3510 0 0 0 0 3504 14016 14016 14016 14016 14016 14016 14016 0 1067 0 1067 2133 2133 2133 2133 2133 2133 0 0 1067 2133 2133 2133 2133 2133 2133 2133 2133 2133 2133 2133 2133 2133 533 0 2133 2133 2133 2133 2133 2133 2133 2133 2133 533 7007 7007 7007 534 1068 4571 8075 3504 14014
0 0 0 0 0 0 0 0 0 0 0 0 0 0 0 0 0 0 0 0 0 0 0 0 0 0 0 0 0 0 0 0 0 0 7020 7020 7020 7020 5265 0 0 0 10512 14016 14016 14016 14016 10512 533 1600 2133 1600 1067 2133 2133 2133 2133 2133 2133 1067 0 1067 2133 2133 2133 2133 2133 2133 2133 2133 2133 2133 2133 2133 1600 0 1067 2133 2133 2133 2133 2133 533 2133 2133 2133 533 0 534 1601 2135 2135 2135 2135 0 534
0 0 0 0 0 0 0 0 0 0 0 0 0 0 0 0 0 0 0 0 0 0 0 0 0 0 0 0 0 0 0 0 0 0 7020 7020 7020 7020 7020 3510 0 0 14016 14016 14016 14016 3504 1067 2133 2133 2133 2133 2133 2133 2133 2133 2133 2133 2133 1600 533 2133 2133 2133 2133 2133 2133 2133 2133 2133 2133 2133 2133 2133 533 0 1600 2133 2133 2133 2133 2133 533 2133 2133 2133 0 1068 2135 2135 2135 2135 2135 2135 0 1068
0 0 0 0 0 0 0 0 0 0 0 0 0 0 0 0 0 0 0 0 0 0 0 0 0 0 0 0 0 0 0 0 1755 5265 7020 7020 7020 7020 7020 7020 0 0 10512 14016 14016 10512 0 2133 2133 2133 2133 2133 2133 2133 2133 2133 2133 2133 2133 2133 2133 2133 2133 2133 2133 2133 2133 2133 2133 2133 2133 2133 2133 1067 0 533 2133 2133 2133 2133 2133 2133 2133 1600 2133 2133 1068 2135 2135 2135 1601 534 1601 2135 2135 1068
0 0 0 0 0 0 0 0 0 0 0 0 0 0 0 0 0 0 0 0 0 0 0 0 0 0 0 0 0 0 0 3510 7020 7020 7020 7020 7020 7020 7020 7020 0 0 0 3504 7008 0 0 1067 2133 2133 2133 2133 2133 2133 2133 2133 2133 2133 2133 2133 2133 2133 2133 2133 2133 2133 2133 2133 2133 2133 2133 2133 2133 1067 0 1067 2133 2133 2133 2133 2133 2133 2133 2133 2133 2133 534 2135 2135 2135 1601 534 2135 2135 2135 534
0 0 0 0 0 0 0 0 0 0 0 0 0 0 0 0 0 0 0 0 0 0 0 0 0 0 0 0 0 0 0 5265 7020 7020 7020 7020 7020 7020 7020 1755 0 0 1067 2133 2133 1067 533 0 1067 2133 2133 2133 2133 2133 2133 2133 2133 2133 2133 2133 2133 2133 2133 2133 2133 2133 2133 2133 2133 2133 2133 2133 2133 1067 533 2133 2133 2133 2133 2133 2133 2133 2133 2133 2133 533 1068 2135 2135 2135 2135 2135 0 0 0 0
0 0 0 0 0 0 0 0 0 0 0 0 0 0 0 0 0 0 0 0 0 0 0 0 0 0 0 0 0 0 0 1755 7020 7020 7020 7020 7020 7020 7020 0 0 0 2133 2133 2133 2133 2133 1600 0 1600 2133 2133 2133 2133 2133 2133 2133 2133 2133 2133 2133 2133 2133 2133 2133 2133 2133 2133 2133 2133 2133 2133 2133 533 1600 2133 2133 2133 2133 2133 2133 2133 2133 2133 2133 534 2135 2135 2135 2135 2135 2135 1601 0 0 0
0 0 0 0 0 0 0 0 0 0 0 0 0 0 0 0 0 0 0 0 0 0 0 0 0 0 0 0 0 0 0 1755 7020 7020 7020 7020 7020 7020 1755 0 0 1067 2133 2133 2133 2133 2133 2133 2133 2133 2133 2133 2133 2133 2133 2133 2133 2133 2133 2133 2133 2133 2133 2133 2133 2133 2133 2133 2133 2133 2133 2133 2133 2133 2133 2133 2133 2133 2133 2133 2133 2133 2133 2133 2133 0 2135 2135 2135 2135 2135 2135 2135 0 534 0
0 0 0 0 0 0 0 0 0 0 0 0 0 0 0 0 0 0 0 0 0 0 0 0 0 0 0 0 0 0 0 3510 7020 7020 7020 7020 7020 1755 0 0 533 1600 2133 2133 2133 2133 2133 2133 2133 2133 2133 2133 2133 2133 2133 2133 2133 2133 2133 2133 2133 2133 2133 2133 2133 2133 2133 2133 2133 2133 2133 2133 2133 2133 2133 2133 2133 2133 2133 2133 533 0 2133 2133 533 0 1068 2135 2135 2135 2135 2135 2135 1601 1068 0
0 0 0 0 0 0 0 0 0 0 0 0 0 1756 3511 3511 3511 3511 3511 3511 1756 0 0 0 0 0 0 0 0 0 0 0 0 1755 3510 7020 1755 0 0 1067 2133 2133 2133 2133 2133 2133 2133 1067 1067 1067 2133 2133 2133 2133 2133 2133 2133 2133 2133 2133 2133 2133 2133 2133 2133 2133 2133 2133 2133 2133 2133 2133 2133 2133 2133 2133 2133 2133 2133 533 0 1067 2133 2133 0 0 0 1068 534 0 2135 2135 2135 2135 2135 0
0 0 0 0 0 0 1756 3511 3511 3511 1756 7022 7022 7022 7022 7022 7022 7022 7022 7022 7022 7022 3511 0 0 0 0 0 0 0 0 0 0 0 0 0 0 0 1600 2133 2133 2133 0 2133 2133 2133 2133 2133 1600 0 0 0 1600 2133 2133 2133 2133 2133 2133 2133 2133 2133 2133 2133 2133 2133 2133 2133 2133 2133 2133 2133 2133 2133 2133 2133 2133 2133 1067 0 0 2133 2133 2133 0 0 0 0 0 534 2135 2135 2135 2135 534 0
0 0 0 0 0 3511 7022 7022 7022 7022 7022 7022 7022 7022 7022 7022 7022 7022 7022 7022 7022 7022 7022 5267 0 0 0 0 0 0 0 0 1755 7021 3511 0 0 0 2133 2133 2133 2133 533 533 2133 2133 2133 2133 2133 1600 533 0 1067 2133 2133 2133 2133 2133 2133 2133 2133 2133 2133 2133 2133 2133 2133 2133 2133 2133 2133 2133 2133 2133 2133 2133 2133 2133 1067 0 1600 2133 2133 2133 0 0 0 0 0 1068 2135 2135 2135 2135 1068 0
0 0 0 0 0 3511 7022 7022 7022 7022 7022 7022 7022 7022 7022 7022 7022 7022 7022 7022 7022 7022 7022 7022 5267 1756 0 0 0 0 0 0 3511 7021 3511 0 0 0 2133 2133 2133 2133 1600 0 533 1067 2133 2133 2133 2133 2133 1600 1600 2133 2133 2133 2133 2133 2133 2133 2133 2133 2133 2133 2133 2133 2133 2133 2133 2133 2133 2133 2133 2133 2133 2133 2133 2133 1067 1067 2133 2133 2133 2133 0 0 0 0 0 534 1068 534 0 1068 534 0
0 0 0 0 0 1756 7022 7022 7022 7022 7022 7022 7022 7022 7022 7022 7022 7022 7022 7022 7022 7022 7022 7022 7022 7022 1756 0 0 0 0 0 1755 3511 0 0 0 0 2133 2133 2133 2133 2133 2133 2133 2133 2133 2133 2133 2133 2133 2133 2133 2133 2133 2133 2133 2133 2133 2133 2133 2133 2133 2133 2133 2133 2133 2133 2133 2133 2133 2133 2133 2133 2133 2133 2133 2133 2133 2133 2133 2133 2133 2133 0 0 0 0 0 0 0 0 0 0 0 0
0 0 0 0 0 0 1756 7022 7022 7022 7022 7022 7022 7022 7022 5267 3511 3511 3511 5267 7022 7022 7022 7022 7022 7022 7022 1756 0 0 0 0 0 0 0 1756 7022 5267 533 2133 2133 2133 2133 2133 2133 2133 2133 1600 2133 2133 2133 2133 2133 2133 2133 2133 2133 2133 2133 2133 2133 2133 2133 2133 2133 2133 2133 2133 2133 2133 2133 2133 2133 2133 2133 2133 2133 2133 2133 2133 2133 2133 2133 1600 0 0 0 0 0 0 0 0 0 0 0 0
0 0 0 0 0 0 0 0 7022 5267 3511 3511 3511 0 0 0 0 0 0 0 3511 7022 7022 7022 7022 7022 7022 7022 1756 0 0 0 0 0 0 5267 7022 7022 1756 1067 2133 2133 2133 2133 2133 2133 2133 2133 2133 2133 2133 2133 2133 1600 1067 1067 0 0 0 1600 2133 2133 2133 2133 2133 2133 2133 2133 2133 2133 2133 2133 2133 2133 2133 2133 1600 1067 2133 2133 1067 1067 533 534 1601 534 0 0 0 0 0 0 0 0 0 0
0 0 0 0 0 0 0 0 0 0 0 0 0 0 0 0 0 0 0 0 0 0 7022 7022 7022 7022 7022 7022 7022 0 0 0 0 0 0 7022 7022 7022 5267 0 1600 2133 2133 2133 2133 2133 2133 2133 2133 2133 1067 0 0 0 0 0 0 0 0 533 2133 2133 2133 2133 2133 2133 2133 2133 2133 2133 2133 2133 533 1600 2133 1600 0 0 533 0 0 0 0 2134 2134 2134 1601 534 0 0 0 0 0 0 0 0
0 0 0 0 0 0 0 0 0 0 0 0 0 0 0 0 0 0 0 0 0 0 1756 7022 7022 7022 7022 7022 7022 5267 0 0 0 0 0 3511 7022 7022 7022 0 0 1600 2133 2133 2133 2133 2133 2133 2133 1600 0 0 0 0 0 1067 1067 1067 1067 0 0 1600 2133 2133 2133 2133 2133 2133 2133 2133 2133 533 0 0 1067 0 0 0 0 0 0 0 0 2134 2134 2134 2134 2134 0 0 0 0 0 0 0 0
0 0 0 0 0 0 0 0 0 0 0 0 0 0 0 0 0 0 0 0 0 0 0 1756 7022 7022 7022 7022 7022 7022 3511 0 0 0 0 0 5267 7022 7022 5267 1756 0 1067 2133 2133 2133 2133 2133 2133 1067 0 0 0 2133 2133 2133 2133 2133 2133 2133 2133 533 1067 2133 1067 533 2133 2133 2133 2133 533 0 0 0 0 0 0 0 0 0 0 0 0 1601 2134 2134 2134 2134 0 0 0 0 0 0 0 0
0 0 0 0 0 0 0 0 0 0 0 0 0 0 0 0 0 0 0 0 0 0 0 0 1756 7022 7022 7022 7022 7022 7022 3511 0 0 0 0 3511 7022 7022 7022 7022 1756 1067 2133 2133 2133 2133 2133 2133 2133 1067 1067 1600 2133 2133 2133 2133 2133 2133 2133 2133 2133 1600 0 0 0 533 2133 2133 2133 0 0 0 0 0 0 0 0 0 0 0 0 0 0 534 1601 2134 2134 0 0 0 0 0 0 0 0
0 0 0 0 0 0 0 0 0 0 0 0 0 0 0 0 0 0 0 0 0 0 0 0 0 7022 7022 7022 7022 7022 7022 5267 0 0 0 5267 7022 7022 7022 7022 7022 3511 0 1600 2133 2133 2133 2133 2133 2133 2133 2133 2133 2133 2133 2133 2133 2133 2133 2133 2133 2133 2133 1600 0 0 0 0 1600 1600 0 0 0 0 0 0 0 0 0 0 0 0 0 0 0 0 534 534 0 0 0 0 0 0 0 0
0 0 0 0 0 0 0 0 0 0 0 0 0 0 0 0 0 0 0 0 0 0 0 0 3511 7022 7022 7022 7022 7022 7022 7022 0 0 5267 7022 7022 7022 7022 7022 7022 3511 0 1067 2133 2133 2133 2133 2133 2133 2133 2133 2133 2133 2133 2133 2133 2133 2133 2133 2133 2133 2133 2133 0 0 0 0 0 0 0 0 0 0 0 0 0 0 0 0 0 0 0 0 0 0 0 0 0 0 0 0 0 0 0 0
0 0 0 0 0 0 0 0 0 0 0 0 0 0 0 1756 3511 5267 5267 0 0 0 0 1756 7022 7022 7022 7022 7022 7022 7022 7022 0 0 7022 7022 7022 7022 7022 7022 7022 3511 0 1600 2133 2133 2133 2133 2133 2133 2133 2133 2133 2133 2133 2133 2133 2133 2133 2133 2133 2133 2133 1600 0 0 0 0 0 0 0 0 0 0 0 0 0 0 0 0 0 0 0 0 0 0 0 0 0 0 0 0 0 0 0 0
0 0 0 0 0 3511 1756 0 0 0 0 0 0 0 1756 7022 7022 7022 7022 1756 0 0 0 7022 7022 7022 7022 7022 7022 7022 7022 7022 0 0 7022 7022 7022 7022 7022 7022 7022 5267 1756 1067 2133 2133 2133 2133 2133 2133 2133 2133 2133 2133 2133 2133 2133 2133 2133 2133 1600 0 0 0 0 0 0 0 0 0 0 0 0 0 0 0 0 0 0 0 0 0 0 0 0 0 0 0 0 0 0 0 0 0 0 0
0 0 0 0 0 7022 5267 0 0 0 0 0 0 0 5267 7022 7022 7022 7022 7022 3511 3511 7022 7022 7022 7022 7022 7022 7022 7022 7022 7022 0 0 7022 7022 7022 7022 7022 7022 7022 7022 7022 533 2133 2133 2133 2133 2133 2133 2133 2133 2133 2133 2133 2133 2133 2133 2133 2133 1067 0 0 0 0 0 0 0 0 0 0 0 0 0 0 0 0 0 0 0 0 0 0 0 0 0 0 0 0 0 0 0 0 0 0 0
0 0 0 0 0 7022 7022 5267 0 0 0 0 0 5267 7022 7022 7022 7022 7022 7022 7022 7022 7022 7022 7022 7022 7022 7022 7022 7022 7022 7022 3511 5267 7022 7022 7022 7022 7022 5267 3511 7022 7022 1756 1600 2133 2133 2133 2133 2133 2133 2133 2133 2133 2133 2133 1600 533 0 0 0 0 0 0 0 0 0 0 0 0 0 0 0 0 0 0 0 0 0 0 0 0 0 0 0 0 0 0 0 0 0 0 0 0 0 0
0 0 0 0 0 7022 7022 7022 3511 1756 3511 3511 5267 7022 7022 7022 7022 7022 7022 7022 7022 7022 7022 7022 7022 7022 7022 7022 7022 7022 7022 7022 7022 7022 7022 7022 7022 7022 7022 1756 0 7022 7022 3511 0 1600 2133 2133 533 1600 1600 1067 1067 2133 2133 1600 0 0 0 0 0 0 0 0 0 0 0 0 0 0 0 0 0 0 0 0 0 0 0 0 0 0 0 0 0 0 0 0 0 0 0 0 0 0 0 0
0 0 0 0 0 7022 7022 7022 3511 1756 7022 7022 7022 7022 7022 7022 7022 7022 7022 7022 7022 7022 7022 7022 7022 7022 7022 7022 7022 7022 7022 7022 7022 7022 7022 7022 7022 7022 7022 0 0 3511 7022 1756 0 0 0 533 0 0 0 0 0 0 1600 1067 0 0 0 0 0 0 0 0 0 0 0 0 0 0 0 0 0 0 0 0 0 0 0 0 0 0 0 0 0 0 0 0 0 0 0 0 0 0 0 0
0 0 0 0 3511 7022 7022 7022 0 0 3511 7022 7022 7022 7022 7022 7022 7022 7022 7022 7022 7022 7022 7022 7022 7022 7022 7022 7022 7022 7022 7022 7022 7022 7022 7022 7022 7022 5267 0 0 3511 5800 2132 2132 1066 533 2132 1599 0 0 0 0 533 2133 1067 0 0 0 0 0 0 0 0 0 0 0 0 0 0 0 0 0 0 0 0 0 0 0 0 0 0 0 0 0 0 0 0 0 0 0 0 0 0 0 0
0 0 0 0 3511 7022 7022 7022 5267 5267 7022 7022 7022 7022 7022 7022 7022 7022 7022 7022 7022 7022 7022 7022 7022 7022 7022 7022 7022 7022 7022 7022 7022 7022 7022 7022 7022 7022 3511 0 0 1756 2822 2132 2132 2132 1599 2132 2132 2132 533 0 0 533 1067 0 0 0 0 0 0 0 0 0 0 0 0 0 0 0 0 0 0 0 0 0 0 0 0 0 0 0 0 0 0 0 0 0 0 0 0 0 0 0 0 0
0 0 0 0 7022 7022 7022 7022 7022 7022 7022 7022 7022 7022 7022 7022 7022 7022 7022 7022 7022 7022 7022 7022 7022 7022 7022 7022 7022 7022 7022 7022 7022 7022 7022 7022 7022 7022 0 0 0 0 0 2132 2132 2132 533 2132 2132 2132 2132 1066 0 0 0 0 0 0 0 0 0 0 0 0 0 0 0 0 0 0 0 0 0 0 0 0 0 0 0 0 0 0 0 0 0 0 0 0 0 0 0 0 0 0 0 0
0 0 0 1756 7022 7022 7022 7022 7022 7022 7022 7022 7022 7022 7022 7022 7022 7022 7022 7022 7022 7022 7022 7022 7022 7022 7022 7022 7022 5267 1756 7022 7022 7022 7022 7022 7022 1756 0 0 0 1065 533 2132 2132 2132 533 1599 2132 2132 2132 2132 1599 0 0 0 0 0 0 0 0 0 0 0 0 0 0 0 0 0 0 0 0 0 0 0 0 0 0 0 0 0 0 0 0 0 0 0 0 0 0 0 0 0 0 0
0 1756 1756 7022 7022 7022 7022 7022 7022 7022 7022 7022 7022 7022 7022 7022 7022 7022 7022 7022 7022 7022 7022 7022 7022 7022 7022 7022 7022 0 0 3511 5267 7022 5267 5267 7022 5267 0 0 1597 2129 1066 1066 2132 2132 2132 1599 2132 2132 2132 2132 2132 1599 533 0 0 0 0 0 0 0 0 0 0 0 0 0 0 0 0 0 0 0 0 0 0 0 0 0 0 0 0 0 0 0 0 0 0 0 0 0 0 0 0 0
5267 7022 7022 7022 7022 7022 7022 7022 7022 7022 7022 7022 7022 7022 7022 7022 7022 7022 7022 7022 7022 7022 7022 7022 7022 7022 7022 7022 3511 0 0 1756 0 0 0 0 5267 1756 532 1597 2129 2131 1066 533 2132 2132 2132 2132 2132 2132 2132 2132 2132 2132 2132 533 0 0 0 0 0 0 0 0 0 0 0 0 0 0 0 0 0 0 0 0 0 0 0 0 0 0 0 0 0 0 0 0 0 0 0 0 0 0 0 0
7022 7022 7022 7022 7022 7022 7022 7022 7022 7022 7022 7022 7022 7022 7022 7022 7022 7022 7022 7022 7022 7022 7022 7022 7022 7022 7022 7022 5267 5267 7022 7022 3511 0 0 532 1065 2129 2129 2129 2129 2132 0 1599 2132 2132 2132 2132 2132 2132 2132 2132 2132 2132 2132 2132 533 0 0 0 0 0 0 0 0 0 0 0 0 0 0 0 0 0 0 0 0 0 0 0 0 0 0 0 0 0 0 0 0 0 0 0 0 0 0 0
7022 7022 7022 7022 7022 7022 7022 7022 7022 7022 7022 7022 7022 7022 7022 7022 7022 7022 7022 7022 7022 7022 7022 7022 7022 7022 7022 7022 7022 7022 7022 7022 1756 0 532 2129 2129 2129 2129 2129 2129 2132 1599 2132 2132 2132 2132 2132 2132 2132 2132 2132 2132 2132 2132 2132 1599 0 0 0 0 0 0 0 0 0 0 0 0 0 0 0 0 0 0 0 0 0 0 0 0 0 0 0 0 0 0 0 0 0 0 0 0 0 0 0
7022 7022 7022 7022 7022 7022 7022 7022 7022 7022 7022 7022 7022 7022 7022 7022 7022 7022 7022 7022 7022 7022 7022 7022 7022 7022 7022 7022 7022 7022 7022 1756 0 0 2129 2129 2129 2129 2129 2129 2129 2131 2132 2132 2132 2132 2132 2132 2132 2132 2132 2132 2132 2132 2132 2132 2132 533 0 0 0 0 0 0 0 0 0 0 0 0 0 0 0 0 0 0 0 0 0 0 0 0 0 0 0 0 0 0 0 0 0 0 0 0 0 0
7022 7022 7022 7022 7022 7022 7022 7022 7022 7022 7022 7022 7022 7022 7022 7022 7022 7022 7022 7022 7022 7022 7022 7022 7022 7022 7022 7022 7022 5267 1756 0 0 1065 2129 2129 2129 2129 2129 2129 2129 1598 1066 2132 2132 2132 2132 2132 2132 2132 1599 1066 2132 2132 2132 2132 2132 1066 0 0 0 0 0 0 0 0 0 0 0 0 0 0 0 0 0 0 0 0 0 0 0 0 0 0 0 0 0 0 0 0 0 0 0 0 0 0
7022 7022 7022 7022 7022 7022 7022 7022 7022 7022 7022 7022 7022 7022 7022 7022 7022 7022 7022 7022 7022 7022 7022 7022 7022 7022 5267 0 3511 0 0 0 532 2129 2129 2129 2129 2129 2129 2129 2129 1065 533 2132 2132 2132 2132 2132 2132 1066 0 1066 1066 2132 2132 2132 2132 2132 0 0 0 0 0 0 0 0 0 0 0 0 0 0 0 0 0 0 0 0 0 0 0 0 0 0 0 0 0 0 0 0 0 0 0 0 0 0
7022 7022 7022 7022 7022 7022 7022 7022 7022 7022 7022 7022 7022 7022 7022 7022 7022 7022 7022 7022 7022 7022 7022 7022 7022 7022 0 0 0 0 0 0 2129 2129 2129 2129 2129 2129 2129 2129 2129 2129 1065 2132 2132 2132 2132 1599 2132 2132 2132 2132 2132 2132 2132 2132 2132 2132 1599 0 0 0 0 0 0 0 0 0 0 0 0 0 0 0 0 0 0 0 0 0 0 0 0 0 0 0 0 0 0 0 0 0 0 0 0 0
7022 7022 7022 7022 7022 7022 7022 7022 7022 7022 7022 7022 7022 7022 7022 7022 7022 7022 7022 7022 7022 7022 7022 7022 7022 5267 0 0 0 0 0 1597 2129 2129 2129 2129 2129 2129 2129 2129 2129 2129 2129 1597 1599 2132 1066 0 0 1066 1066 1066 1066 533 1599 2132 2132 2132 2132 0 0 0 0 0 0 0 0 0 0 0 0 0 0 0 0 0 0 0 0 0 0 0 0 0 0 0 0 0 0 0 0 0 0 0 0 0
7022 7022 7022 7022 7022 7022 7022 7022 7022 7022 7022 7022 7022 7022 7022 7022 7022 7022 7022 7022 7022 7022 7022 7022 7022 1756 0 0 0 0 0 2129 2129 2129 2129 2129 2129 2129 2129 2129 2129 2129 2129 2129 1598 0 0 0 0 0 0 0 0 0 0 533 1599 2132 2132 0 0 0 0 0 0 0 0 0 0 0 0 0 0 0 0 0 0 0 0 0 0 0 0 0 0 0 0 0 0 0 0 0 0 0 0 0
7022 7022 7022 7022 7022 7022 7022 7022 7022 7022 7022 7022 7022 7022 7022 7022 7022 7022 7022 7022 7022 7022 7022 7022 7022 0 1756 5267 7022 1756 0 2129 2129 2129 2129 2129 2129 2129 2129 2129 2129 2129 2129 2129 2129 532 0 1066 1598 1066 0 0 0 0 0 0 0 0 0 0 0 0 0 0 0 0 0 0 0 0 0 0 0 0 0 0 0 0 0 0 0 0 0 0 0 0 0 0 0 0 0 0 0 0 0 0
7022 7022 7022 7022 7022 7022 7022 7022 7022 7022 7022 7022 7022 7022 7022 7022 7022 7022 7022 7022 7022 7022 7022 7022 3511 5267 7022 7022 7022 1756 532 2129 2129 2129 2129 2129 2129 2129 2129 2129 2129 2129 2129 2129 2129 1065 1066 2131 2131 2131 1598 0 0 0 0 0 0 0 0 0 0 0 0 0 0 0 0 0 0 0 0 0 0 0 0 0 0 0 0 0 0 0 0 0 0 0 0 0 0 0 0 0 0 0 0 0
7022 7022 7022 7022 7022 7022 7022 7022 7022 7022 7022 7022 7022 7022 7022 7022 7022 7022 7022 7022 7022 7022 7022 7022 3511 1756 7022 7022 1756 0 0 532 2129 2129 2129 2129 2129 2129 2129 2129 2129 2129 2129 2129 2129 1597 0 1598 2131 2131 2131 0 0 0 0 0 0 0 0 0 0 0 0 0 0 0 0 0 0 0 0 0 0 0 0 0 0 0 0 0 0 0 0 0 0 0 0 0 0 0 0 0 0 0 0 0
7022 7022 7022 7022 7022 7022 7022 7022 7022 7022 7022 7022 7022 7022 7022 7022 7022 7022 7022 7022 7022 7022 7022 7022 1756 0 0 0 0 0 0 0 2129 2129 2129 2129 2129 2129 2129 2129 2129 2129 2129 2129 2129 2129 0 0 0 1066 2131 0 0 533 1066 0 0 0 0 0 0 0 0 0 0 0 0 0 0 0 0 0 0 0 0 0 0 0 0 0 0 0 0 0 0 0 0 0 0 0 0 0 0 0 0 0
7022 7022 7022 7022 7022 7022 7022 7022 7022 7022 7022 7022 7022 7022 7022 7022 7022 7022 7022 7022 7022 7022 7022 7022 1756 0 0 0 0 0 0 0 2129 2129 2129 2129 2129 2129 2129 2129 2129 2129 2129 2129 2129 2129 1065 0 1598 2131 2131 2131 2131 2131 2131 1598 1066 1066 533 0 0 0 0 0 0 0 0 0 0 0 0 0 0 0 0 0 0 0 0 0 0 0 0 0 0 0 0 0 0 0 0 0 0 0 0 0
7022 7022 7022 7022 7022 7022 7022 7022 7022 7022 7022 7022 7022 7022 7022 7022 7022 7022 7022 7022 7022 7022 7022 7022 7022 3511 5267 7022 7022 7022 7022 7022 2129 2129 2129 2129 2129 2129 2129 2129 2129 2129 2129 2129 2129 2129 2129 0 2131 2131 2131 2131 2131 2131 2131 2131 2131 2131 2131 1066 0 0 0 0 0 0 0 0 0 0 0 0 0 0 0 0 0 0 0 0 0 0 0 0 0 0 0 0 0 0 0 0 0 0 0 0
7022 7022 7022 7022 7022 7022 7022 7022 7022 7022 7022 7022 7022 7022 7022 7022 7022 7022 7022 7022 7022 7022 7022 7022 7022 7022 7022 7022 7022 7022 7022 7022 4576 2129 2129 2129 2129 2129 2129 2129 2129 2129 2129 2129 2129 2129 2129 1597 533 2131 2131 2131 2131 2131 2131 2131 2131 2131 2131 2131 1066 0 0 1066 0 0 533 1065 0 0 0 0 0 0 0 0 0 0 0 0 0 0 0 0 0 0 0 0 0 0 0 0 0 0 0 0
7022 7022 7022 7022 7022 7022 7022 7022 7022 7022 7022 7022 7022 7022 7022 7022 7022 7022 7022 7022 7022 7022 7022 7022 7022 7022 7022 7022 7022 7022 7022 7022 4576 2129 2129 2129 2129 2129 2129 2129 2129 2129 2129 2129 2129 2129 2129 2129 532 533 1598 2131 2131 2131 2131 2131 2131 2131 2131 2131 1598 1598 2131 1598 0 1598 2130 2130 0 0 0 0 0 0 0 0 0 0 0 0 0 0 0 0 0 0 0 0 0 0 0 0 0 0 0 0
7022 7022 7022 7022 7022 7022 7022 7022 7022 7022 7022 7022 7022 7022 7022 7022 7022 7022 7022 7022 7022 7022 7022 7022 7022 7022 7022 7022 7022 7022 7022 7022 2129 2129 2129 2129 2129 2129 2129 2129 2129 2129 2129 2129 2129 2129 2129 2129 2129 1597 0 0 533 2131 2131 2131 2131 2131 2131 2131 2131 2131 1598 0 533 2130 2130 2130 0 0 0 0 0 0 0 0 0 0 0 0 0 0 0 0 0 0 0 0 0 0 0 0 0 0 0 0
7022 7022 7022 7022 7022 7022 7022 7022 7022 7022 7022 7022 7022 7022 7022 7022 7022 7022 7022 7022 7022 7022 7022 7022 7022 7022 7022 7022 7022 7022 7022 7022 2129 2129 2129 2129 2129 2129 2129 2129 2129 2129 2129 2129 2129 2129 2129 2129 2129 2129 2129 532 0 0 0 533 1598 2131 2131 2131 2131 2131 0 0 0 2130 2130 2130 0 0 0 0 0 0 0 0 0 0 0 0 0 0 0 0 0 0 0 0 0 0 0 0 0 0 0 0
7022 7022 7022 7022 7022 7022 7022 7022 7022 7022 7022 7022 7022 7022 7022 7022 7022 7022 7022 7022 7022 7022 7022 7022 7022 7022 7022 7022 7022 7022 7022 7022 2129 2129 2129 2129 2129 2129 2129 2129 2129 2129 2129 2129 2129 2129 2129 2129 2129 2129 2129 2129 1597 532 0 0 0 1066 1066 1066 1066 0 0 0 1598 2130 2130 533 0 0 0 0 0 0 0 0 0 0 0 0 0 0 0 0 0 0 0 0 0 0 0 0 0 0 0 0
7022 7022 7022 7022 7022 7022 7022 7022 7022 7022 7022 7022 7022 7022 7022 7022 7022 7022 7022 7022 7022 7022 7022 7022 7022 7022 7022 7022 7022 7022 7022 7022 3352 2129 2129 2129 0 1597 2129 2129 2129 2129 2129 2129 2129 2129 2129 2129 2129 2129 2129 2129 2129 2129 2129 1065 0 0 0 0 0 0 0 0 1598 2130 1065 0 0 0 0 0 0 0 0 0 0 0 0 0 0 0 0 0 0 0 0 0 0 0 0 0 0 0 0 0
7022 7022 7022 7022 7022 7022 7022 7022 7022 7022 7022 7022 7022 7022 7022 7022 7022 7022 7022 7022 7022 7022 7022 7022 7022 7022 7022 7022 7022 7022 7022 7022 7022 4576 2129 1597 0 532 2129 2129 2129 2129 2129 2129 2129 2129 2129 2129 2129 2129 2129 2129 2129 2129 2129 2129 1065 0 0 0 0 0 0 0 0 0 0 0 0 0 0 0 0 0 0 0 0 0 0 0 0 0 0 0 0 0 0 0 0 0 0 0 0 0 0 0
