rofental/data/rofental/ice_thickness_rofental_100.asc
ncols         322
nrows         225
xllcorner     622802,488
yllcorner     5178049,379
cellsize      100
NODATA_value  -9999
[rows 48 to 95 of 225, columns 96 to 191 of 322]
0 0 0 0 0 0 0 0 0 0 0 0 0 0 0 0 0 0 0 0 0 0 0 0 0 0 0 0 0 0 0 0 0 0 0 0 0 0 0 0 0 0 0 0 7,75 11,76 19,415 3,555 0 0 0 0 0 0 0 0 0 0 0 0 0 1,64 5,9325 13,1025 6,2475 13,1225 22,5975 48,2425 78,975 90,2925 94,725 92,795 87,545 89,59 68,365 26,1825 9,7875 13,085 16,77 33,35 60,4925 50,195 30,6175 50,6225 67,075 78,34 94,6725 115,06 116,3825 91,37 79,3025 78,8925 102,89 142,0025 166,005 174,1575
0 0 0 0 0 0 0 0 0 0 0 0 0 0 0 0 0 0 0 0 0 0 0 0 0 0 0 0 0 0 0 0 0 0 0 0 0 0 0 0 0 0 0 11,5125 39,66 49,8275 31,3175 2,8325 0 0 0 0 0 0 0 0 0 0 0 0 3,4625 20,4225 31,0975 37,8625 33,445 34,5425 24,5725 10,705 18,9725 37,3125 57,9425 68,8425 72,9325 85,4725 71,65 19,0775 0 0 0 0 7,4725 9,15 15,1025 17,795 29,7225 48,02 58,2225 69,74751 75,7125 67,7475 61,635 85,3 115,3825 126,6825 121,925 123,25
0 0 0 0 0 0 0 0 0 0 0 0 0 0 0 0 0 0 0 0 0 0 0 0 0 0 0 0 0 0 0 0 0 0 0 0 0 0 0 0 0 0 3,885 39,585 63,7875 58,74 24,2075 0 0 0 0 0 0 0 0 0 0 0 0 1,7425 22,4775 42,6025 51,64 56,375 46,8875 30,105 10,195 0 0 2,59 16,8075 40,46 63,0475 78,7825 73,595 37,8525 3,375 0 12,8425 9,685 0 9,395 20,2375 0 4,0325 28,645 41,9225 41,59 43,7275 50,625 65,7 78,7475 85,715 100,0325 102,5875 95,055
0 0 0 0 0 0 0 0 0 0 0 0 0 0 0 0 0 0 0 0 0 0 0 0 0 0 0 0 0 0 0 0 0 0 0 0 0 0 0 0 0 0 10,6525 48,245 68,56 56,4225 20,8525 0 0 0 0 0 0 0 0 0 0 0 0 5,81 30,6975 48,24 60,4175 60,8725 43,4925 18,5225 0 0 0 0 3,3025 35,975 68,5275 80,1725 76,5975 41,985 3,12 0 9,2925 21 0 6,6075 17,63 5,0775 0 18,2025 28,82 33,055 40,265 54,0325 70,8825 71,51 75,745 85,235 101,9875 93,5575
0 0 0 0 0 0 0 0 0 0 0 0 0 0 0 0 0 0 0 0 0 0 0 0 0 0 0 0 0 0 4,055 5,29 6,1325 2,6625 0 0 0 0 0 0 0 0 21,8925 51,67 64,945 47,9325 15,08 0 0 0 0 0 0 0 0 0 0 0 0 11,3875 36,87 48,715 56,19 52,6 35,5 14,16 14,5475 14,125 1,675 0 0 21,11 42,1175 51,11 47,3125 13,935 0 0 12,6575 21,97 0 0 5,6075 0 0 20,4375 31,8925 41,5225 52,53 63,065 73,9175 88,30251 103,5625 95,265 99,17 85,9325
0 0 0 0 0 0 0 0 0 0 0 0 0 0 0 0 0 0 0 0 0 0 0 0 0 0 0 0 0 0 2,6425 3,94 6,7925 4,9925 0 0 0 4,345 14,19 6,6225 0 0 14,97 51,5475 65,29 48,7275 29,0325 4,1875 0 0 0 0 0 0 0 0 0 0 2,1425 24,1675 46,32 54,26 52,615 39,045 20,9575 9,5325 20,53 26,9875 12,565 0 0 2,725 6,335 11,0125 20,6175 9,7725 0 0 17,015 24,215 5,0475 0 3,8525 17,745 15,79 27,4425 41,0425 49,9675 52,9775 61,665 68,935 83,0375 105,4775 100,64 82,6575 56,8975
0 0 0 0 0 0 0 0 0 0 0 0 0 0 0 0 0 0 0 0 0 0 0 7,12 19,86 14,0075 2,015 0 0,9525 4,5175 4,515 0 0 0 0 0 14,9275 33,5525 35,9925 8,3225 0 0 12,58 49,5825 67,36 54,175 39,9175 13,995 0 0 0 0 0 0 0 0 0 0 11,225 38,8775 53,2825 52,9575 41,95 22,7075 6,0575 2,5525 24,29 35,305 16,135 0 0 0 0 0 7,4575 16,905 0 21,3325 38,7425 25,015 0 8,62 41,54 59,46 52,58 45,2825 51,46 57,1075 69,6225 90,5475 94,675 91,015 99,36 82,5125 52,4175 24,275
0 0 0 0 0 0 0 0 0 0 0 0 0 0 0 0 0 0 0 0 0 0 0 9,84 29,145 30,11 15,01 1,1675 5,455 22,64 16,6225 0 0 0 0 13,135 36,935 49,9 52,575 37,355 21,035 22,48 32,5375 51,385 62,525 50,7875 44,3425 32,26 14,7575 8,2625 2,99 0 0 0 0 0 2,2975 15,015 32,84 48,455 49,35 34,06 13,0675 8,33 17,8325 18,4925 29,805 38,4175 15,2 0 0 0 0 10,235 19,16 22,435 22,7425 36,72 32,9275 7,845 0 33,86 80,475 87,3275 88,2325 74,9525 70,505 83,0475 110,72 133,225 133,9225 132,99 110,6475 69,515 37,7975 24,79
0 0 0 0 0 0 0 0 0 0 0 0 0 0 0 0 0 0 0 0 0 0 0 1,6175 16,705 28,4975 23,78 3,3775 6,4825 25,6325 14,69 0 0 0 7,6325 30,0925 44,6725 56,82 60,57 44,32 18,035 10,5025 11,7775 18,935 36,6025 50,2975 64,21 68,955 58,785 48,875 36,6175 24,22 12,98 8,2225 3,3725 0 16,22 37,055 50,655 47,315 27,4875 10,6625 15,4825 25,5275 27,6475 11,76 11,66 21,4325 5,66 0 0 2,6675 12,9125 31,4575 41,2775 42,97 45,83 41,6325 24,5775 0 11,4025 41,285 83,2275 104,0575 103,375 94,2775 92,425 108,855 121,765 117,925 120,09 129,375 97,81 59,185 46,95 48,605
0 0 0 0 0 0 0 0 0 0 0 0 0 0 0 0 0 0 0 0 0 0 0 0 11,935 26,1275 18,9475 2,7175 7,6275 16,59 5,145 0 2,515 12,0625 30,395 46,18 51,6675 50,8175 34,07 9,3975 0 0 0 0 22,715 44,3025 67,1825 80,875 75,065 67,105 56,07 39,2675 30,57 39,81 32,3925 17,3825 35,81 52,4725 53,105 39,195 20,615 21,835 34,4475 30,6625 12,2075 0 0 0 0 0 2,7275 19,1025 27,1975 42,8175 55,2325 59,5025 60,2675 47,2225 22,1275 13,56 41,26 56,61 81,30251 116,9575 127,045 116,2925 109,105 104,825 112,9875 99,335 81,0575 78,5025 68,7225 57,2325 57,6775 59,8
0 0 0 0 0 0 0 0 0 0 0 0 0 0 0 0 0 0 0 0 0 0 0 0 14,8125 24,265 11,7875 0 2,4175 6,035 0 3,0275 19,16 30,8525 46,1625 52,435 43,06 27,3975 6,55 0 7,84 11,205 8,41 14,09 29,355 42,875 57,75 67,97 65,345 61,4025 51,9 29,7475 27,6275 46,4175 41,5275 29,885 46,675 64,4775 63,8875 51,065 34,2225 24,495 11,6875 2,745 6,1875 7,36 7,08 6,595 9,844999 8,17 3,02 11,645 9,7425 21,1 40,2625 59,96 54,56 33,28 9,5975 28,335 70,08 76,7425 94,62 122,605 127,25 116,805 105,26 91,5425 97,925 96,7825 84,1975 71,9675 60,6625 55,6275 63,0325 50,1275
0 0 0 0 0 0 0 0 0 0 0 0 0 0 0 0 0 0 0 0 0 0 0 4,3625 17,315 18,215 7,0725 0 0 0 0 6,2075 25,7175 29,225 31,94 31,16 29,16 22,905 5,635 8,8125 39,5175 49,8875 37,835 36,6825 47,4325 52,495 50,06 46,9925 48,8075 42,58 21,0525 3,86 17,375 31,5925 29,98 30,9925 59,7575 83,5975 74,5125 58,03 42,845 23,9625 8,7225 19,06 32,51 33,62 33,5125 31,4 30,2175 21,41 4,9025 8,059999 15,185 6,4375 13,1875 35,3525 31,8225 10,6525 11,32 35,18 74,205 88,9 97,3925 113,7875 108,34 97,4075 95,87 96,7425 98,0675 98,535 94,5175 68,825 36,3375 35,99 49,7325 38,6
0 0 0 0 0 0 0 0 0 0 0 0 0 0 0 0 0 0 0 0 0 0 0 3,4375 7,78 3,965 2,415 0 0 0 0 0 8,2625 7,215 5,505 12,445 27,075 20,155 0 20,3225 47,8875 50,09 38,125 39,6225 48,7675 54,46 38,6025 23,2625 38,0325 24,1725 0 0 17,14 18,7025 17,14 28,685 53,845 70,44 72,4975 67,6125 60,5825 45,35 32,045 36,3125 36,7675 33,1225 35,615 32,675 12,33 4,18 8,56 25,75 50,1175 36,01 4,15 2,4875 5,4075 8,5175 21,6575 38,8675 77,5375 106,095 96,98 88,6625 71,98 67,29 91,9675 120,8075 131,8425 122,135 97,1225 51,47 16,0675 16,1425 28,22 22,7225
0 0 0 0 0 0 0 0 0 0 0 0 0 0 0 0 0 0 0 0 0 0 0 0 0 0 0,9625 4,3375 8,247499 1,815 0 0 0 0 0 3,3125 8,945 2,78 0 20,3275 29,8375 20,1075 6,52 9,0975 24,0475 39,0325 27,7475 29,1125 45,115 23,865 0 13,765 15,4025 16,19 13,0325 12,1225 29,9775 42,9875 54,8525 57,315 56,5575 44,12 41,2675 37,9125 18,7525 10,04 8,3275 7,0325 2,465 18,6925 43,79 66,86 87,09 79,1875 33,425 2,15 1,9775 14,1375 6,6775 33,88 70,3075 102,9075 90,64 61,915 40,26 29,2425 55,7225 106,1525 136,925 121,7425 84,13499 51,86 27,6875 7,985 14,9475 14,7775
0 0 0 0 0 0 0 0 0 0 0 0 0 0 0 0 0 0 0 0 0 0 0 0 0 0 4,795 19,72 23,21 8,372499 0 0 0 0 0 0 0 0 2,5825 16,375 16,8375 16,775 23,73 24,12 23,9875 40,1175 46,6675 47,2925 40,5725 16,1925 5,2375 14,9475 12,9025 14,6725 2,5675 0 4,9975 19,51 31,6725 34,8625 28,0525 18,0575 22,6325 17,94 2,2025 10,47 18,1125 20,865 27,0425 42,2725 66,61 95,175 113,4275 102,835 61,81 20,2325 2,32 23,88 18,56 24,7375 45,5575 51,4475 46,1225 35,0775 19,38 2,995 13,1025 50,4475 95,3375 103,3925 84,5025 68,55 51,6425 30,6575 28,1375 32,9325
0 0 0 0 0 0 0 0 0 0 0 0 0 0 0 0 0 0 0 0 0 0 0 0 0 0 3,7525 18,805 13,72 1,6575 0 0 0 0 0 0 0 0 0 9,225 11,485 33,745 45,875 48,7875 46,33 54,435 58,5325 42,4875 17,76 0 2,7075 12,6025 7,69 2,485 0 0 0 12,015 24,04 20,2575 3,0575 0 4,1525 4,7925 23,68 47,0375 59,355 54,335 50,5475 60,5125 75,1 93,4025 106,8475 96,9 65,295 28,7425 2,405 3,18 4,445 3,8 13,56 18,515 19,5725 12,5525 5,5775 0 6,475 34,4625 66,06 91,9175 81,61 64,195 52,7875 35,68 35,385 45,07
0 0 0 0 0 0 0 0 0 0 0 0 0 0 0 0 0 0 0 0 0 0 0 0 0 0 2,435 10,1425 3,085 0 0 0 0 0 1,96 0 0 0 0 0 7,135 27,7025 38,8375 42,535 44,14 51,985 49,67 30,6925 16,4175 0 0 0 0 10,56 12,7375 13,755 12,0525 5,8325 6,56 4,9125 0 0 0 10,025 34,3375 57,2525 71,425 69,54 62,6425 61,31 70,2575 82,565 90,3825 82,73 51,205 13,23 0 3,12 15,14 13,4275 3,225 3,69 7,55 10,305 14,6025 4,5225 6,805 28,53 40,415 48,945 38,5975 24,8125 21,455 19,3725 26,06 47,19
0 0 0 0 0 0 0 0 0 0 0 0 0 0 0 0 0 0 0 0 0 0 0 0 0 0 0 0 0 0 0 0 0 0 5,94 5,83 3,3 0 0 0 0 4,0925 23,8875 35,2325 42,2475 45,0875 42,335 29,525 18,66 0 4,89 0 5,5975 17,19 15,885 34,3675 46,205 38,41 17,005 0 0 5,3325 12,185 16,6525 40,41 61,175 74,495 79,3475 76,415 63,2525 58,645 68,7025 74,4375 64,2125 29,8675 2,38 0 24,61 61,6 66,2775 27,5725 17,7525 18,185 20,6825 39,985 25,3775 1,8425 6,4375 7,1625 5,52 1,98 3,62 11,5275 14,3575 3,485 22,0675
0 0 0 0 0 0 0 0 0 0 0 0 0 0 0 0 0 0 0 0 0 0 0 0 0 0 0 0 0 0 0 0 0 0 8,9725 18,8375 16,4975 10,0775 5,1625 0 0 0 12,8825 34,0375 44,915 43,305 32,11 11,7525 5,64 25,95 25,7425 9,465 5,2375 20,215 33,41 55,0275 67,6 57,595 29,685 4,8175 0 4,32 19,225 38,24 63,3225 80,025 91,73 98,8375 101,9275 82,93 60,775 58,215 56,275 39,725 10,68 0 4,11 31,4825 70,2425 83,255 47,78 17,2025 2,4225 13,925 44,6875 34,57 2,1175 0 1,72 11,345 25,055 27,145 28,0225 16,3875 0 1,4825
0 0 0 0 0 0 0 0 0 0 0 0 0 0 0 0 0 0 0 0 0 0 0 0 0 0 0 0 0 0 0 0 0 0 13,615 28,1875 27,8475 21,785 15,9175 3,75 0 0 17,2175 38,06 40,9225 29,7575 4,275 9,34 33,3725 48,385 45,915 29,9325 25,52 52,44 73,3925 74,84 72,275 57,7075 34,4075 10,9575 3,4375 30,785 62,27 67,5875 69,9725 80,555 89,7575 98,6975 103,205 89,6875 64,33 49,5725 38,825 20,3525 1,7625 0 8,46 31,8425 61,575 76,4925 51,135 15,15 1,7925 18,385 53,9275 33,57 0 5,6825 17,39 30,8325 31,9525 26,6025 18,6525 9,065 0 3,12
0 0 0 0 0 0 0 0 0 0 0 0 0 0 0 0 0 0 0 0 0 0 0 0 0 0 0 0 0 0 0 0 1,1525 4,27 23,3525 38,4125 34,1225 25,0275 22,095 9,1525 0 0 14,1275 31,985 30,31 14,1025 0 17,9725 41,71 53,21 56,84 54,41 80,3725 106,9825 105,935 88,565 70,655 52,13 35,91 31,1975 51,8325 88,7275 106,9925 97,2175 83,2175 78,0725 79,13 85,9975 86,055 73,9775 61,3475 46,115 29,895 7,1975 0 2,5975 25,7675 53,1 72,7775 86,615 83,00999 40,64 14,4325 12,7975 49,99 26,1025 4,1825 25,2175 38,535 28,105 10,49 2,2575 6,515 19,7475 18,9925 4,08
0 0 0 0 0 0 0 0 0 0 0 0 0 0 0 0 0 0 0 0 0 0 0 0 0 0 0 0 0 0 0 4,545 18,755 20,1725 30,4775 46,895 39,4475 27,805 22,7875 8,475 0 0 0 2,94 6,3125 0 0 6,185 26,4175 46,85 62,76 77,4475 103,45 117,5425 117,5875 101,0825 79,0975 59,2775 50,5 69,5875 98,5125 110,6875 105,7875 91,84 81,71 80,03 81,1675 80,4275 80,1525 66,2125 53,98 45,8275 29,305 5,6675 0 7,025 40,6775 75,295 93,9825 94,9225 95,2725 75,335 38,835 19,3025 40,3625 18,695 1,9775 21,53 42,2175 32,035 12,985 2,28 10,0925 20,035 14,435 1,82
0 0 0 0 0 0 0 0 0 0 0 0 0 0 0 0 0 0 0 0 0 0 0 0 0 0 0 0 0 0 0 6,6 24,69 32,8425 38,4775 46,8975 41,0275 31,9725 15,4175 1 0 0 8,360001 20,105 14,5025 9,845 1,855 0 6,4275 35,5225 64,8125 78,33 97,8475 109,9725 114,65 101,5075 82,14 68,535 73,2975 89,9725 100,46 110,15 109,98 102,3 103,77 107,45 101,9875 92,02 88,045 76,425 57,28 42,95 24,375 4,1775 1,9275 18,4575 48,5775 82,4475 90,9875 78,13 74,675 77,695 55,1775 45,495 47,3075 5,9925 5,5075 20,99 47,6 46,6825 36,59 12,5175 0 0 0 0
0 0 0 0 0 0 0 0 0 0 0 0 0 0 0 0 0 0 0 0 0 0 0 0 0 0 0 0 0 0 0 1,0575 13,5475 33,2025 42,47 41,9 34,39 28,4625 9,6525 0 0 0 30,62 56,7925 51,315 51,01 30,9425 11,095 0 15,6025 50,045 61,76 82,1125 96,475 97,5425 87,4825 75,8975 75,1975 83,025 85,3775 91,6 104,745 108,0325 112,8225 125,11 121,5475 104,845 91,26 88,765 86,9675 79,075 59,9025 31,8225 2,6675 11,695 35,7925 63,385 88,7775 82,8925 58,2125 46,68 51,135 54,9375 62,84 41,99 1,49 20,39 37,3425 47,16 52,01 48,09 21,11 6,5575 0 0 0
0 0 0 0 0 0 0 0 0 0 0 0 0 0 0 0 0 0 0 0 0 0 0 0 0 0 0 0 0 0 0 1,3025 17,06 27,9075 31,0225 26,6925 21,5525 11,755 1,3775 0 0 6,335 45,2875 78,9625 80,12 68,47 61,785 37,065 19,135 12,0625 30,425 46,0125 61,5325 77,6825 76,0675 71,7375 73,2575 76,855 76,2325 75,4125 82,7175 92,6875 99,215 112,815 126,985 125,1575 106,1825 86,9 78,1875 77,1575 80,0125 78,505 55,375 18,465 24,11 45,13 61,8325 81,4075 73,2675 43,6 22,7125 17,47 30,625 39,89 19,045 0 18,23 38,83 34,04 41,2775 49,2675 39,065 21,0675 0 1,3825 0
0 0 0 0 0 0 0 0 0 0 0 0 0 0 0 0 0 0 0 0 0 0 0 0 0 0 0 0 0 0 0 2,405 9,7725 12,1775 14,135 16,505 11,1875 1,17 0 0 1,7725 11,475 39,495 75,445 81,915 46,7625 31,9525 23,0225 24,3425 21,825 27,625 33,01 44,2275 60,7075 61,0775 70,185 73,0575 71,805 68,8975 67,4075 72,935 82,46 95,55 114,3225 127,29 127,6125 113,13 96,3875 85,495 76,77499 74,2625 70,78 56,365 29,6325 32,91 50,27 51,1975 51,3975 46,07 20,245 2,0575 0 12,64 15,4475 2,675 0 5,215 21,45 16,17 14,815 34,9675 45,8075 31,1825 7,235 3,78 0
0 0 0 0 0 0 0 0 0 0 0 0 0 2,0525 4,8125 5,73 7,99 9,137501 12,3225 12,68 3,7175 0 0 0 0 0 0 0 0 0 0 0 0 1,1075 2,74 6,5425 1,9225 0 0 6,9325 19,3725 21,165 16,61 49,685 65,8 47,0025 20,84 5,3925 4,4 7,1025 13,78 15,415 26,965 43,37 57,065 63,53 64,175 65,055 63,54 64,07 69,6725 77,7075 91,85 110,6775 119,2475 117,2075 111,935 108,59 97,74001 83,3475 76,265 66,9425 53,915 39,59 39,6825 54,135 46,0725 29,955 16,21 2,385 0 6,53 27,64 18,7525 0 0 0 4,325 1,74 0 26,5625 46,1325 39,81 23,71 12,135 0
0 0 0 0 0 0 2,91 13,0075 12,665 7,115 2,3375 20,465 34,0875 44,2225 44,075 43,1375 54,5675 64,82 77,99 79,4825 54,9125 30,61 7,35 0 0 0 0 0 0 0 0 0 0 0 0 0 0 0 15,2825 49,0725 48,85 23,475 0 22,7925 49,295 51,955 42,465 31,245 12,2675 0 0 0 10,775 39,4125 54,93 55,45 58,4375 58,7475 57,82 61,9725 69,7625 74,425 81,8025 95,9825 103,68 104,345 108,1125 113,46 106,4825 90,37 77,5625 70,26 56,145 43,38 43,925 56,46 55,915 36,69 6,595 0 0 18,1175 42,1275 24,8175 0 0 0 0 0 1,505 26,8075 38,8375 35,3625 22,62 2,4675 0
0 0 0 0 0 5,5 28,1675 61,8775 66,4925 45,465 36,0225 62,545 83,8125 93,3475 91,1275 94,76 110,2975 122,5275 133,9025 130,3275 128,7075 106,8375 57,575 15,97 0 0 0 0 0 0 0 0 0,54 3,95 1,585 0 0 0 32,6425 77,4075 74,255 34,55 2,4525 3,18 22,2825 24,1725 35,925 44,88 33,0025 12,085 2,17 0 6,625 35,4625 49,3525 54,135 56,31 52,35 52,39 55,6125 58,62 62,115 66,9225 80,0175 93,7325 101,5725 108,11 112,05 105,0725 86,27 69,4525 64,7825 56,1125 45,6125 47,855 58,745 64,275 46,6975 8,285 0 14,0825 36,3225 51,4225 26,6325 0 0 0 0 0 3,5375 20,6525 21,895 14,9775 16,1625 4,59 0
0 0 0 0 0 8,99 43,6425 76,9125 92,835 83,3675 83,5025 93,43 106,8675 111,2575 108,9825 114,235 117,33 117,835 125,9375 132,8675 156,92 141,3275 100,805 57,77 19,535 2,13 0 0 0 0 0 0 2,52 7,8125 1,685 0 0 0 26,8375 63,6025 67,51 43,365 14,6375 0 1,835 3,6 20,2475 37,795 38,2425 31,8525 20,46 9,3225 11,1875 31,58 42,23 48,23 47,54 44,3575 44,4625 45,115 49,5075 58,005 62,8975 72,375 92,7625 105,6175 105,83 104,5425 98,9475 78,375 57,7375 52,035 52,505 45,8075 46,32 57,215 55,29 38,4925 7,955 7,95 38,395 57,9025 58,435 25,8575 0 0 0 0 0 1,4525 5,0675 2,36 0 4,105 2,2475 0
0 0 0 0 0 2,555 27,8775 57,165 77,4625 94,78 103,175 97,9025 98,27 97,855 87,2575 79,715 70,715 57,79 59,055 83,015 112,275 125,875 127,8575 119,4275 77,6075 29,035 2,48 0 0 0 0 0 0,8875 1,775 0 0 0 0 15,745 34,91 60,77 56,4675 35,445 23,8875 17,84 15,87 11,0325 14,845 25,8125 33,315 30,35 26,24 23,05 29,2525 33,7225 35,38 33,86 32,49 30,3875 34,6875 45,825 69,3175 76,4675 71,6925 92,13 108,685 105,3825 99,675 97,6875 76,58 50,4675 41,185 47,4525 42,2775 38,045 44,015 39,65 29,39 16,7125 22,3875 47 57,7 46,805 21,375 0 0 0 0 0 0 0 0 0 0 0 0
0 0 0 0 0 0 3,91 21,005 46,4825 69,4325 66,72 63,1725 53,33 41,71 28,39 19,3975 12,715 7,19 6,68 19,11 54,1125 102,0075 142,605 151,205 123,3975 77,2575 25,3125 2,0775 0 0 0 0 0 0 0 2,0375 16,2225 8,915 1,7675 18,74 56,7125 60,9175 54,865 59,61 59,385 50,2525 28,3925 10,675 18,9425 32,915 33,5925 26,415 22,735 23,9775 22,5375 20,6325 18,4525 15,515 15,4625 24,5225 42,555 74,17 83,9525 69,75999 83,845 104,7375 100,3425 89,735 86,3625 72,61501 46,885 31,045 32,9025 34,64 31,19 28,4175 23,985 23,91 26,98 34,335 35,2425 32,9525 19,51 8,9725 0 0 0 0 0 0 0 0 0 0 0 0
0 0 0 0 0 0 0 0 13,93 16,2775 11,4975 9,415 6,395 0 0 0 0 0 0 0 6,905 37,7675 86,5975 120,18 136,52 113,75 70,27 29,02 2,9975 0 0 0 0 0 0 11,7575 35,965 24,81 1,975 7,1925 38,8925 55,7575 59,0525 73,22 82,525 72,41251 48,645 47,7625 52,7275 40,7525 23,145 14,2875 12,875 8,75 5,5225 3,97 0 0 0 11,615 38,23 62,1275 68,3325 53,91 58,935 95,41 95,92 77,61501 67,9875 60,7825 44,805 26,415 17,6875 22,07 24,9625 18,8675 8,4975 6,07 16,11 19,0825 7,3825 6,6075 1,8675 1,97 7,67 2,0725 0 0 0 0 0 0 0 0 0 0
0 0 0 0 0 0 0 0 0 0 0 0 0 0 0 0 0 0 0 0 0 0 26,1425 76,235 118,7425 126,7425 107,5075 73,6925 27,0975 0 0 0 0 0 0 17,55 42,18 39,155 11,8025 0 12,7575 37,82 43,4525 64,0275 84,395 75,115 69,8275 78,045 60,32 27,0675 5,0925 0 0 0 0 0 0 0 0 1,91 19,5625 39,5125 50,6275 42,5675 28,1075 59,8425 76,5725 69,1975 59,4075 48,0675 36,4475 20,3675 2,795 9,0425 17,42 9,22 0 0 1,7625 0 0 0 0 11,1025 24,98 19,2725 8,9625 1,7875 0 0 0 0 0 0 0 0
0 0 0 0 0 0 0 0 0 0 0 0 0 0 0 0 0 0 0 0 0 0 2,2675 30,3575 76,2125 104,2675 113,865 104,78 67,4675 20,145 0 0 0 0 0 6,37 25,1225 30,5075 17,9425 0 0 11,8675 22,4125 49,06 72,4025 71,46 81,1575 74,6875 39,025 8,675 0 0 0 0 0 5,07 5,54 6,3175 4,76 0 0 10,3325 29,71 35,615 15,41 22,745 50,1575 67,0875 56,275 34,46 18,08 3,1275 0 0 3,9175 0 0 0 0 0 0 0 0 10,9475 26,9875 29,9625 25,295 9,8925 0 0 0 0 0 0 0 0
0 0 0 0 0 0 0 0 0 0 0 0 0 0 0 0 0 0 0 0 0 0 0 3,245 34,325 68,4875 97,965 121,2 105,6375 59,465 9,705 0 0 0 0 0 7,5425 18,84 20,18 10,5925 2,6975 0 6,32 37,6125 58,605 73,86 81,775 55,41 23,2025 4,845 0 0 0 15,935 30,7325 37,2325 36,9025 38,8325 34,515 23,4 17,7125 3,62 5,2525 17,365 7,15 2,025 24,91 53,7325 53,01 25,5175 2,0125 0 0 0 0 0 0 0 0 0 0 0 0 5,39 14,1525 19,7775 25,8175 14,49 0 0 0 0 0 0 0 0
0 0 0 0 0 0 0 0 0 0 0 0 0 0 0 0 0 0 0 0 0 0 0 0 4,355 38,67 83,25 125,5775 129,455 101,78 50,5675 7,59 0 0 0 0 5,3875 18,735 27,5975 29,3525 17,35 2,165 4,6325 28,0425 53,5875 75,04 71,4375 45,1125 24,4575 14,1775 5,7575 4,9 11,0825 33,1325 53,3775 65,6525 64,575 62,6675 63,8475 58,86 51,6025 30,5325 11,27 0 0 0 2,9425 20,7875 37,9375 23,73 0 0 0 0 0 0 0 0 0 0 0 0 0 0 1,5175 5,7025 14,395 12,5575 0 0 0 0 0 0 0 0
0 0 0 0 0 0 0 0 0 0 0 0 0 0 0 0 0 0 0 0 0 0 0 0 0 29,2625 80,9 126,0575 150,7425 138,0275 101,76 21,815 0 0 0 9,365 23,8875 28,605 21,21 27,9275 22,42 4,94 0 15,2825 55,55 74,2325 66,225 47,6225 33,1625 24,9475 21,6925 20,2625 23,6425 37,15 54,095 71,8425 78,8875 76,8775 79,275 76,3275 65,4375 51,0975 35,425 10,66 0 0 0 0 11,23 10,68 0 0 0 0 0 0 0 0 0 0 0 0 0 0 0 0 1,015 1,015 0 0 0 0 0 0 0 0
0 0 0 0 0 0 0 0 0 0 0 0 0 0 0 0 0 0 0 0 0 0 0 0 7,3575 48,45 91,77 127,605 148,7925 161,84 138,97 45,95 0 0 12,1025 34,105 43,925 46,2875 27,7575 20,97 23,885 4,39 0 8,33 51,975 68,3625 66,935 61,0525 44,6225 35,605 32,8375 33,3875 35,015 42,0875 53,315 65,5725 76,4625 78,29 77,6725 70,625 58,2525 48,84 39,5275 16,69 0 0 0 0 0 0 0 0 0 0 0 0 0 0 0 0 0 0 0 0 0 0 0 0 0 0 0 0 0 0 0 0
0 0 0 0 0 0 0 0 0 0 0 0 0 0 0 1,8975 8,2875 14,3575 8,587501 0 0 0 0 3,37 45,11 111,135 142,96 161,1075 196,375 200,4525 160,07 54,6575 0 0 20,6 47,325 65,3125 65,2375 44,76 25,41 22,9175 4,7825 0 9,934999 37,5875 53,17 62,2925 66,0275 53,6675 44,6775 41,82 44,44 48,405 53,6975 56,54 57,555 59,9825 63,6 66,0025 58,9075 37,89 23,765 18,285 7,9175 0 0 0 0 0 0 0 0 0 0 0 0 0 0 0 0 0 0 0 0 0 0 0 0 0 0 0 0 0 0 0 0
0 0 0 0 0 5,635 2,8775 0 0 0 0 0 0 0 2,3875 22,72 45,675 48,4375 20,86 1,875 0 0 0 28,815 98,5625 164,0225 193,94 188,2025 206,105 216,7875 169,7675 53,7325 0 0 15,7325 40,185 63,5875 74,4075 48,385 27,2325 19,405 7,64 1,9125 9,309999 29,1725 34,7325 43,465 50,0925 48,76 49,315 49,2325 53,6225 58,095 62,865 56,8275 46,895 43,5325 44,55 49,4175 49,1325 17,8175 0 0 0 0 0 0 0 0 0 0 0 0 0 0 0 0 0 0 0 0 0 0 0 0 0 0 0 0 0 0 0 0 0 0 0
0 0 0 0 0 17,1225 15,9025 0 0 0 0 0 0 0 17,0175 56,72 75,805 82,0725 57,7025 28,675 8,3425 10,5625 29,92 79,9325 140,12 191,8125 233,72 230,0275 213,9375 204,17 144,0525 40,2775 0 0 20,0125 44,74 58,27 68,04 53,155 21,365 14,3975 20,92 12,9425 3,2425 23,51 31,8625 24,6325 31,68 33,6875 38,2225 47,86 57,365 60,0675 60,46 50,2125 35,3175 25,925 22,875 22,1225 22,96 5,7 0 0 0 0 0 0 0 0 0 0 0 0 0 0 0 0 0 0 0 0 0 0 0 0 0 0 0 0 0 0 0 0 0 0 0
0 0 0 0 0 23,415 43,78 12,1 0 0 0 0 0 13,015 59,7625 103,135 108,565 111,4975 107,27 84,69 57,4625 69,605 105,7525 141,0325 179,575 218,235 256,3775 260,58 235,865 203,6475 125,825 35,325 4,4725 11,0575 32,5725 59,17 70,6 74,34 53,5725 11,8475 6,7125 25,055 19,345 1,965 8,117499 30,615 31,6275 22,1725 18,725 20,4025 27,61 35,55 41,7225 42,6075 33,5925 21,515 8,955 1,8725 0 0 0 0 0 0 0 0 0 0 0 0 0 0 0 0 0 0 0 0 0 0 0 0 0 0 0 0 0 0 0 0 0 0 0 0 0 0
0 0 0 0 0 21,305 58,4325 41,045 6,5975 2,8575 6,0825 5,05 14,5825 53,8625 132,3175 182,0025 172,085 148,315 128,175 120,215 104,11 104,86 148,035 187,32 217,235 243,365 271,485 284,7625 265,1275 212,675 119,205 46,885 28,36 35,995 53,0725 72,605 83,99 80,1175 38,7225 1,9825 0 18,0625 21,5525 4,6325 0 10,875 24,875 15,66 1,9625 7,1 7,745 5,7625 8,76 15,14 15,4675 7,855 0 0 0 0 0 0 0 0 0 0 0 0 0 0 0 0 0 0 0 0 0 0 0 0 0 0 0 0 0 0 0 0 0 0 0 0 0 0 0 0
0 0 0 0 0 34,4 72,8625 50,715 7,0525 2,49 13,02 21,99 53,9175 106,01 163,63 197,9925 208,055 196,305 173,5925 148,6325 128,36 115,8475 128,6625 163,335 199,785 224,86 250,5175 255,61 251,23 201,485 100,2775 55,195 54,315 62,215 73,965 80,3 83,0575 73,575 31,5475 0 0 7,1 16,7125 2,1275 0 0 0 1,9325 0 0 0 0 0 0 6,855 3,7375 0 0 0 0 0 0 0 0 0 0 0 0 0 0 0 0 0 0 0 0 0 0 0 0 0 0 0 0 0 0 0 0 0 0 0 0 0 0 0 0
0 0 0 0 6,8375 48,31 72,79 39,0075 0 0 6,1925 37,605 86,87 130,2875 174,8225 216,225 234,0625 233,03 223,26 207,24 180,2075 148,9775 134,985 135,79 159,9425 199,9325 254,825 272,525 242,71 167,24 91,1225 72,4125 68,685 74,225 78,215 77,125 75,605 54,665 15,935 0 0 6,59 19,19 14,2975 12,87 5,385 3,55 18,835 13,33 0 0 0 0 2,7325 14,815 5,04 0 0 0 0 0 0 0 0 0 0 0 0 0 0 0 0 0 0 0 0 0 0 0 0 0 0 0 0 0 0 0 0 0 0 0 0 0 0 0 0
0 0 0 0 9,46 48,49 61,575 35,2075 8,9 20,655 61,5875 97,78 147,8575 182,8325 213,0625 248,175 263,45 255,3425 241,38 229,2525 226,3675 217,885 191,725 179,7175 172,3275 192,7775 241,71 272,8725 238,82 144,29 78,4 61,7975 60,605 65,935 65,2625 66,3225 61,1325 35,225 5,405 0 0 2,1575 10,705 22,62 31,1175 16,87 11,76 40,7775 43,085 21,8025 3,1375 0 0 2,3425 6,215 0 0 0 0 0 0 0 0 0 0 0 0 0 0 0 0 0 0 0 0 0 0 0 0 0 0 0 0 0 0 0 0 0 0 0 0 0 0 0 0 0
0 0 0 0 18,4325 45,6625 54,325 40,4825 40,465 85,0575 147,02 183,89 223,28 262,5575 291,2975 298,11 280,2025 253,9525 240,5825 226,665 239,3725 251,9575 226,59 237,1125 233,63 207,515 207,615 214,265 175,4625 80,67 31,2025 31,565 38,43 42,9125 46,5275 48,115 36,8425 17,805 0 0 0 0 0 23,8925 41,25 21,6675 3,6925 34,2175 51,1675 42,3375 27,225 7,765 0 0 0 0 0 0 0 0 0 0 0 0 0 0 0 0 0 0 0 0 0 0 0 0 0 0 0 0 0 0 0 0 0 0 0 0 0 0 0 0 0 0 0 0
