rofental/data/rofental/ice_thickness_rofental_50.asc
ncols         644
nrows         451
xllcorner     622802,488
yllcorner     5177999,379
cellsize      50
NODATA_value  -9999
[rows 330 to 384 of 451, columns 384 to 479 of 644]
0 0 0 0 0 0 0 0 0 0 0 0 0 0 0 0 0 0 0 0 0 0 0 0 0 0 0 0 0 0 0 0 0 0 0 0 0 0 0 0 0 0 0 0 0 10,11 21,44 29,86 34,85 31,91 19,98 0 0 0 0 0 0 0 0 0 0 0 0 0 0 0 0 0 0 0 0 0 0 0 0 0 0 0 0 0 0 0 0 0 0 0 0 0 0 0 0 0 0 0 0 0
0 0 0 0 0 0 0 0 0 0 0 0 0 0 0 0 0 0 0 0 0 0 0 0 0 0 0 0 0 0 0 0 0 0 0 0 0 0 0 0 0 0 0 0 15,99 28,57 40,24 41,21 40,51 31,63 18,9 0 0 0 0 0 0 0 0 0 0 0 0 0 0 0 0 0 0 0 0 0 0 0 0 0 0 0 0 0 0 0 0 0 0 0 0 0 0 0 0 0 0 0 0 0
0 0 0 0 0 0 0 0 0 0 0 0 0 0 0 0 0 0 0 0 0 0 0 0 0 0 0 0 0 0 0 0 0 0 0 0 0 0 0 0 0 0 0 16,35 28,12 38,81 39,68 36,07 27,89 20,1 11,94 0 0 0 0 0 0 0 0 0 0 0 0 0 0 0 0 0 0 0 0 0 0 0 0 0 0 0 0 0 0 0 0 0 0 0 0 0 0 0 0 0 0 0 0 0
0 0 0 0 0 0 0 0 0 0 0 0 0 0 0 0 0 0 0 0 0 0 0 0 0 0 0 0 0 0 0 0 0 0 0 0 0 0 0 0 0 0 14,27 32,58 43,1 46,91 35,02 24,93 14,32 0 0 0 0 0 0 0 0 0 0 0 0 0 0 0 0 10,37 13,12 12,56 8,25 7,32 0 0 0 0 0 0 0 0 0 0 0 0 0 0 0 0 0 0 0 0 0 0 0 0 0 0
0 0 0 0 0 0 0 0 0 0 0 0 0 0 0 0 0 0 0 0 0 0 0 0 0 0 0 0 0 0 0 0 0 0 0 0 0 0 0 0 11,59 19,39 33,9 54,73 54,54 43,98 17,52 0 0 0 0 0 0 0 0 0 0 0 0 0 0 0 0 0 10,28 21,46 26,29 24,62 18,24 16,84 13,15 10,97 7,39 0 0 0 0 0 0 0 0 0 0 0 0 0 0 0 0 0 0 0 0 0 0 0
0 0 0 0 0 0 0 0 0 0 0 0 0 0 0 0 0 0 0 0 0 0 0 0 0 0 0 0 0 0 0 0 0 0 0 0 0 0 0 18,8 30,32 42,66 54,5 68,92 61,57 40,54 13,93 0 0 0 0 0 0 0 0 0 0 0 0 0 0 0 0 0 16,49 32,65 39,84 37,91 29,58 27,85 23,34 21,55 18,35 14,69 14,66 13,71 14,91 11,31 9,26 7,63 0 0 0 0 0 0 0 0 0 0 0 0 0 0 0 0
0 0 0 0 0 0 0 0 0 0 0 0 0 0 0 0 0 0 0 0 0 0 0 0 0 0 0 0 0 0 0 0 0 0 0 0 0 0 15,54 35,61 52,13 64,71 72,07 73,03 53,57 26,14 0 0 0 0 0 0 0 0 0 0 0 0 0 0 0 0 0 0 17,45 32,01 39,92 39,54 36,97 35,73 34,59 31,85 28,35 26,27 26,77 26,01 26,18 22,46 20,59 19,1 18,13 14,95 9,16 0 0 0 0 0 0 0 0 0 0 0 0 0
0 0 0 0 0 0 0 0 0 0 0 0 0 0 0 0 0 0 0 0 0 0 0 0 0 0 0 0 0 0 0 0 0 0 0 0 0 11,03 27,5 52,82 66,75 75,32 71,57 58,09 34,7 11,53 0 0 0 0 0 0 0 0 0 0 0 0 0 0 0 0 0 0 16,66 29,87 37,32 39,42 39,34 39,42 42,03 39,81 36,91 33,6 33,85 36,7 37,35 36,76 35,11 32,2 31,62 25,37 19,45 10,02 0 0 0 0 0 0 0 0 0 0 0 0
0 0 0 0 0 0 0 0 0 0 0 0 0 0 0 0 0 0 0 0 0 0 0 0 0 0 0 0 0 0 0 0 0 0 0 0 0 24,17 45,83 70,71 79,61 80,08 64,33 41,35 18,52 0 0 0 0 0 0 0 0 0 0 0 0 0 0 0 0 0 0 7,32 16,57 27,03 35,07 37,15 39,7 39,59 45,14 43,08 41,12 38,94 39,57 42,35 41,98 44,09 41,69 39,59 36,96 32,84 27,19 16,38 7,56 0 0 0 0 0 0 0 0 0 0 0
0 0 0 0 0 0 0 0 0 0 0 0 0 0 0 0 0 0 0 0 0 0 0 0 0 0 0 0 0 0 0 0 0 0 0 0 15,54 37,84 57,73 78,53 84,21 77,44 53,18 26,13 0 0 0 0 0 0 0 0 0 0 0 0 0 0 0 0 0 0 0 9,22 16,31 22,5 26,55 30,86 33,51 35,3 42,15 44,99 46,08 40,53 38,81 42,01 44,14 46,2 43,22 40,08 42,11 37,16 31,78 16,47 7,3 0 0 0 0 0 0 0 0 0 0 0
0 0 0 0 0 0 0 0 0 0 0 0 0 0 0 0 0 0 0 0 0 0 0 0 0 0 0 0 0 0 0 0 0 0 0 11,15 28,65 50,12 68,86 83,67 85,6 72,73 44,77 18,54 0 0 0 0 0 0 0 0 0 0 0 0 0 0 0 0 0 0 0 9,14 13,14 12,89 15,65 20,66 26,37 30,14 36,13 40,25 41,16 36,25 33,69 35,99 39,8 40,69 39,34 37,22 39,02 35,46 28,64 15,01 0 0 0 0 0 0 0 0 0 0 0 0
0 0 0 0 0 0 0 0 0 0 0 0 0 0 0 0 0 0 0 0 0 0 0 0 0 0 0 0 0 0 0 0 0 0 10,16 23,11 40,26 59,03 72,36 80,36 77,66 60,54 34,9 10,53 0 0 0 0 0 0 0 0 0 0 0 0 0 0 0 0 0 0 0 7,56 9 0 0 11,65 19,47 26,82 30,45 30,56 28,04 24,18 23,05 27,86 32,07 33,64 34,74 33,92 39,16 35,57 27,43 12,01 0 0 0 0 0 0 0 0 0 0 0 0
0 0 0 0 0 0 0 0 0 0 0 0 0 0 0 0 0 0 0 0 0 0 0 0 0 0 0 0 0 0 0 0 0 0 21,34 41,06 56,96 69,69 79,04 83,55 73,37 50,1 24,46 0 0 0 0 0 0 0 0 0 0 0 0 0 0 0 0 0 0 0 0 0 0 0 0 0 14,13 22,05 24,18 20,19 14,29 12,52 16,02 23,48 28,5 28,35 29,56 27,38 28,17 23,97 17,07 8,27 0 0 0 0 0 0 0 0 0 0 0 7,92
0 0 0 0 0 0 0 0 0 0 0 0 0 0 0 0 0 0 0 0 0 0 0 0 0 0 0 0 0 0 0 0 0 20,39 38,37 58,67 71,59 80,92 84,52 80,68 65,95 39,5 17,38 0 0 0 0 0 0 0 0 0 0 0 0 0 0 0 0 0 0 0 0 0 0 0 0 0 12,85 20,81 22,58 16,85 11,55 10,8 18,5 26,13 30,27 27,01 23,04 17,9 17,15 14,64 9,91 0 0 0 0 0 0 0 0 0 0 8,59 12,31 15,07
0 0 0 0 0 0 0 0 0 0 0 0 0 0 0 0 0 0 0 0 0 0 0 0 0 0 0 0 0 0 0 0 20,9 39,35 56,94 73,87 84,63 86,55 85,08 75,64 58,28 31,46 10,52 0 0 0 0 0 0 0 0 0 0 0 0 0 0 0 0 0 0 0 0 0 0 0 0 0 11,04 17,63 19,47 16,72 14,13 15,88 25,01 33,9 35,8 26,94 17,03 7,94 0 0 0 0 0 0 0 0 0 0 0 0 11,48 14,32 17,79 21,77
0 0 0 0 0 0 0 0 0 0 0 0 0 0 0 0 0 0 0 0 0 0 0 0 0 0 0 0 0 0 0 19,97 38,78 57,7 73,27 85,18 91,44 90,56 83,82 70,94 48,6 24,63 0 0 0 0 0 0 0 0 0 0 0 0 0 0 0 0 0 0 0 0 0 0 0 0 0 0 7,36 11,5 12,66 11,73 13,3 18,53 31,87 40,42 40,77 29,52 15,25 0 0 0 0 0 0 0 0 0 0 0 0 10,97 14,77 14,99 15,37 19,35
0 0 0 0 0 0 0 0 0 0 0 0 0 0 0 0 0 0 0 0 0 0 0 0 0 0 0 0 0 0 14,01 30,22 51,92 67,4 84,68 93,09 94,02 86,16 78,69 64,26 40,35 16,27 0 0 0 0 0 0 0 0 0 0 0 0 0 0 0 0 0 0 0 0 0 0 0 0 0 0 0 0 0 0 0 12,26 25,96 36,96 41,51 34,07 21,52 9,43 0 0 0 0 0 0 8,98 12,53 12,17 10,73 10,38 14,06 17 17,84 16,04 17,56
0 0 0 0 0 0 0 0 0 0 0 0 0 0 0 0 0 0 0 0 0 0 0 0 0 0 0 0 0 0 21,31 39,61 62,3 78,11 95,16 99,1 92,87 82,84 72,76 57,22 31,9 10,69 0 0 0 0 0 0 0 0 0 0 0 0 0 0 0 0 0 0 0 0 0 0 0 0 0 0 0 0 0 0 0 0 18,44 30,86 41,59 34,19 22,12 8,28 0 0 0 0 0 12,05 17,02 21,78 21,36 19,69 16,64 17,35 18,72 19,13 18,5 18,73
0 0 0 0 0 0 0 0 0 0 0 0 0 0 0 0 0 0 0 0 0 0 0 0 0 0 0 0 0 11,83 31,24 51,34 71,59 86,86 100,24 99,16 90,23 77,14 67,29 47,88 25,77 0 0 0 0 0 0 0 0 0 0 0 0 0 0 0 0 0 0 0 0 0 0 0 0 0 0 0 0 0 0 0 0 0 13,83 24,84 38,5 35,36 23,7 9,57 0 0 0 0 15,64 22,22 25,66 28,11 30,34 29,02 24,98 21,19 20,72 23,03 23,05 22,08
0 0 0 0 0 0 0 0 0 0 0 0 0 0 0 0 0 0 0 0 0 0 0 0 0 0 0 0 0 24,26 48,06 66,34 82,17 96,14 104,19 98,75 85,25 72,73 62,4 41,84 20,22 0 0 0 0 0 0 0 0 0 0 0 0 0 0 0 0 0 0 0 0 0 0 0 0 0 0 0 0 0 0 0 11,13 13,74 24,21 28,06 31,58 22,21 12,64 0 0 0 0 15,09 24,58 30,12 31,13 31,12 32,81 34,94 31,8 28,13 24,01 24,43 23,47 23,59
0 0 0 0 0 0 0 0 0 0 0 0 0 0 0 0 0 0 0 0 0 0 0 0 0 0 0 0 12,96 36,56 64,25 82,09 92,36 102,08 107,12 99,79 83,38 68,57 58,46 37,83 17,93 0 0 0 0 0 0 0 0 0 0 0 0 0 0 0 0 0 0 0 0 0 0 0 0 0 0 0 0 0 8,14 8,72 16,76 20,82 30,31 26,3 21,33 12,94 7,49 0 0 0 12,02 22,85 32,91 37,16 36,48 34,56 36,19 39,47 37,16 34,01 29,48 29,56 24,67 21,81
0 0 0 0 0 0 0 0 0 0 0 0 0 0 0 0 0 0 0 0 0 0 0 0 0 0 0 0 18,29 44,57 71,88 89,96 100,72 110,27 112,67 101,73 82,01 64,63 56,18 36,94 18,63 0 0 0 0 0 0 0 0 0 0 0 0 0 0 0 0 0 0 0 0 0 0 0 0 0 0 0 0 0 13,39 17,22 22,51 26,79 32,12 25,94 14,91 0 0 0 0 0 16,59 28,42 34,97 39,99 38,52 38,41 36,5 41,82 40,56 39,96 38,98 35,6 31,04 23,97
0 0 0 0 0 0 0 0 0 0 0 0 0 0 0 0 0 0 0 0 0 0 0 0 0 0 0 0 20,11 47,17 72,46 92,4 104,07 113,99 115,4 104,3 83,96 64,27 53,04 34,69 18,3 0 0 0 0 0 0 0 0 0 0 0 0 0 0 0 0 0 0 0 0 0 0 0 0 0 0 0 0 0 12,93 18,26 21,29 23,73 23,65 19,25 11,61 0 0 0 0 0 16,75 28,69 36,02 41,52 42,96 40,83 40,07 40,99 40,29 42,01 43,17 45,31 41,07 33,86
0 0 0 0 0 0 0 0 0 0 0 0 0 0 0 0 0 0 0 0 0 0 0 0 0 0 0 0 23,88 47,89 71,27 91,07 105,11 113,71 112,6 102,9 84,4 65,65 51,82 33,78 18,11 0 0 0 0 0 0 0 0 0 0 0 0 0 0 0 0 0 0 0 0 0 0 0 0 0 0 0 0 0 7,89 14,31 17,06 18,16 15,77 13,69 9,29 0 0 0 0 0 15,08 26,37 33,72 40,39 44,53 46,2 44,33 45,66 43,4 48,87 47,86 50,23 46,98 43,37
0 0 0 0 0 0 0 0 0 0 0 0 0 0 0 0 0 0 0 0 0 0 0 0 0 0 0 10,77 27,93 51,44 71,59 88,39 102,63 108,84 106,57 94,51 78,28 61,51 45,99 29,34 14,65 0 0 0 0 0 0 0 0 0 0 0 0 0 0 0 0 0 0 0 0 0 0 0 0 0 0 0 0 0 0 0 7,97 8,86 7,39 0 0 0 0 0 0 8,57 15,23 25,02 32,31 39,29 43,9 47,82 50,58 55,3 53,43 55,83 50,68 54,88 51,78 51,96
0 0 0 0 0 0 0 0 0 0 0 0 0 0 0 0 0 0 0 0 0 0 0 0 0 0 0 15,41 33,99 56,13 72,46 87,75 100,87 104,4 99,49 87,57 74,33 61,32 45,94 30,88 15,14 0 0 0 0 0 0 0 0 0 0 0 0 0 0 0 0 0 0 0 0 0 11,24 12,48 14,18 10,9 0 0 0 0 0 0 0 0 0 0 0 0 0 0 15,99 14,81 18,38 24,77 29,25 35,64 41,72 49,63 54,83 61,16 65,12 65,08 61,27 57,06 53,56 51,04
0 0 0 0 0 7,11 0 0 0 0 0 0 0 0 0 0 0 0 0 0 0 0 0 0 0 0 0 17,95 37,71 59,17 74,17 88,4 99,54 101,78 95,93 84,44 74,28 63,5 49,8 36,29 18,93 0 0 0 0 0 0 0 0 0 0 0 0 0 0 0 0 0 0 0 10,4 16,59 23,93 25,37 25,57 19,04 12,75 0 0 0 0 0 0 0 0 0 0 10,36 0 0 23,48 24,35 24,96 27,63 26,69 32,22 36,8 46,27 55,56 62,39 69,55 69,3 70,46 66,58 58,9 51,71
0 0 0 12,45 17,62 18,88 11,54 0 0 0 0 0 0 0 0 0 0 0 0 0 0 0 0 0 0 0 0 22,16 41,87 60,14 73,33 87,46 97,59 100,67 96,7 88,73 81,89 72,03 59,28 45,07 25,5 11,37 0 0 0 0 0 0 0 0 0 0 0 0 0 0 0 0 0 13,08 20,52 27,36 32,78 31,28 26,95 18,3 11,12 0 0 0 0 0 0 0 0 0 12,54 16,05 12,04 0 19,38 25,6 26,02 25,61 25,13 27,43 34,49 42,09 54,54 56,46 64,25 65,42 73,2 71,18 65,1 52,79
0 0 10,71 24,1 31,26 30,76 20,26 9,9 0 0 0 0 0 0 0 0 0 0 0 0 0 0 0 0 0 0 0 25,82 47,5 63,61 74,94 84,35 91,08 95,34 94,39 88,21 82,23 72,81 63,91 50,94 30,68 13,76 0 0 0 0 0 0 0 0 0 0 0 0 0 0 0 0 13,74 20,61 28,31 32,15 32,51 26,96 20,25 12,59 0 0 0 0 0 0 0 0 0 0 14,48 17 11,24 0 10,07 16,97 18,44 18,58 20,42 26,53 33,31 41,86 52,46 55,81 61,5 65,16 73,93 75,59 69,72 58,34
0 7,51 18,88 33,55 39,26 36,81 26,93 16,6 9,8 0 0 0 0 0 0 0 0 0 0 0 0 0 0 0 0 0 10,71 30,54 54,25 68,5 74,06 77,8 82,57 87,32 88,59 85,38 80,32 72,59 64,46 51,6 32,47 14,82 0 0 0 0 0 0 0 0 0 0 0 10,61 13,53 16,77 17,05 18,48 20,77 26,75 32,95 31,71 25,6 15,81 0 0 0 0 0 0 0 0 0 0 11,14 14,3 19,73 19,68 12,99 0 0 0 0 0 0 18,76 30,95 40,13 53,63 50,94 55,72 57,29 69,18 67,38 65,74 55,96
0 11,14 23,87 36,37 40,86 38,35 31,07 23,93 18,4 14,52 10,07 6,52 0 0 0 0 0 0 0 0 0 0 0 0 0 0 11,03 31,23 55,94 70,33 74,6 76,45 78,82 83,22 84,2 82,86 77,94 71,66 62,44 50,58 33,27 17,97 0 0 0 0 0 0 0 0 0 0 14,02 22,31 26,91 30,18 28,59 27,39 27,07 31,59 34,88 28,42 17,88 0 0 0 0 0 0 0 11,82 19,49 26,22 27,52 27,37 30,81 33,24 31,22 24,03 16,26 15,31 13,84 14,58 11,35 0 0 27,9 40,07 53,42 51 57,39 60,33 64,43 61,07 53,97 52
0 16,48 27,29 37,92 41,27 39,99 34,32 30,22 27,41 24,8 20,75 15,87 8,85 0 0 0 0 0 0 0 0 0 0 0 0 0 12,76 34,41 56,83 67,37 69,28 71,51 76,4 80,86 81,56 80,33 78,24 74,71 65,99 52,65 36,74 23,72 15,72 13,6 13,28 11,24 0 0 0 0 0 16,12 25,4 33,11 38,4 41,36 38,83 35,5 33,67 38,34 39,92 28,55 13,74 0 0 0 0 0 10,77 17,11 29,25 42,26 49,47 52,17 49,54 53,29 52,45 50,55 44,11 37,42 35,47 33,57 32,42 27,22 19,32 0 0 35,22 52,5 54,07 56,74 54,83 55,15 49,67 47,83 45,52
14,93 22,45 30,19 37,93 41,27 39,57 35,14 33,34 33,39 33,99 32,21 27,44 17,9 9,17 0 0 0 0 0 0 0 0 0 0 0 0 15,77 35,56 57,02 68,13 75,09 80,44 85,04 87,86 87,41 85,77 82,75 76,75 67,43 54,71 41,44 31,61 26,17 24,28 22,85 19,74 15,81 13,09 11,56 14,53 20,82 30,35 39,7 45,66 49,76 50,33 47,32 42,57 40,99 44,48 45,6 31,31 14,82 0 0 0 11,57 20,46 30,95 41,8 53,86 69,33 74,67 77,67 70,62 73 71,3 71,65 65,41 59,06 55,07 55,71 55,42 50,09 40,42 22,79 0 31,83 52,54 62,35 64,35 58,47 52,83 49,18 48,71 48,5
24,62 28,63 29,6 32,01 32,19 32,29 31,22 33,18 37,56 39,7 39,38 34,51 27,58 19,15 12,41 7,28 0 0 0 0 0 0 0 0 0 0 19,22 40,45 62,75 72,88 80,13 84,37 89,24 88,26 84,43 78,97 76,74 72,42 67,24 55,96 45,79 36,82 33,77 30,82 28,94 26,16 24,92 23,78 24,9 29,01 37,45 46,75 53,97 57,67 60,44 60,45 56,68 50,46 49,24 51,49 54,78 44,66 29,65 15,05 13,47 19,58 28,66 42,08 56,51 70,06 79,77 91,91 93,21 95,1 86 87,05 84,8 86,76 80,58 75,21 70,94 76,42 76,88 71,48 61,09 39 20,07 0 46,61 64,88 69,13 61,42 55,85 49,19 52,52 49,96
32,95 30,44 24,16 19,7 19,46 22,34 26,31 32,12 37,33 41,93 43,04 41,71 37,64 31,92 26,47 20,01 12,56 0 0 0 0 0 0 0 0 0 18,17 40,04 62,88 74,19 83,34 89,38 93,51 90,64 86,32 81,37 77,23 70,57 65,01 55,94 47,87 41,22 38,73 35,71 34,08 33,54 34,6 36,74 39,03 45,62 54 63,04 67,65 70,21 72,85 72,51 67,73 59,94 57,44 58,51 61,7 59,19 46,89 35,03 30,24 38,28 48,87 65,02 79,85 93,55 98,96 107,91 105,74 107,03 96,59 96,45 93,44 95,8 89,23 84,75 81,97 93,24 97,5 91,85 79,32 53,79 31,98 0 0 57,46 69,2 65,06 60,65 52,93 50,5 49,8
37,41 29,66 17,97 7,37 7,14 11,54 18,85 27,06 34,39 39,53 43,89 46,62 47,54 44,95 40,27 33,64 23,11 13,24 0 0 0 0 0 0 0 0 15,77 37,6 58,99 69,56 79,26 85,51 91,07 86,81 84,44 80,17 77,84 72,83 66,32 58,47 51,46 46,76 43,47 40,92 41,46 43,24 46,04 49,47 54,05 61,96 70,48 77,35 80,85 83,61 85,69 85,94 79,79 72,71 67,62 68,64 70,64 74,81 67,63 59,03 50,23 54,6 64,14 78,89 93,3 105,63 110,89 117,44 117,87 118,27 108 104,09 99,99 102,04 95,26 93,31 93,18 108,32 113,4 106,32 91,03 66,43 43,13 16,25 0 45,04 63,72 66,44 61,43 52,39 47,27 45,21
41,49 28,59 14,08 0 0 0 11,66 19,97 28,95 39,15 48,03 56,78 57,4 55,48 48,91 43,89 33,81 20,57 8,62 0 0 0 0 0 0 0 11,62 30,25 51,14 66,74 80,61 90,9 93,77 94,08 95,9 98,19 94,96 85,37 75,9 66,35 59,2 53,54 49,39 49,67 52,17 56,42 58,24 61,85 64,86 73,93 80,5 87,3 90,77 96,27 98,87 99,6 92,57 86,04 78,73 80,06 79,58 84,24 78,9 73,35 64,74 67,25 76,36 89,98 101,25 111,51 116,39 121,93 125,52 125,47 117,56 110,9 109,81 111,85 105,09 102,39 103,46 119,88 123,32 114,17 96,65 73,19 49,57 21,16 0 31,82 51,83 62,44 61,98 53,57 46,2 41,99
43,71 28,69 12,27 0 0 0 0 15,15 28,99 41,43 49,14 57,81 57,82 59,94 53,23 50,21 40,21 24,85 10,84 0 0 0 0 0 0 0 0 24,36 46,12 67,12 87,13 99,76 100,37 101,02 104,23 110,96 108,76 97,94 86,11 75,8 68,85 61,77 57,44 60,21 64,54 69,27 70,93 72,29 73,73 78,69 82,73 89,39 95,01 104,78 107,81 108,09 101,68 97,42 92,31 93,64 91,42 90,89 85,97 80,92 76,02 77,75 88,44 100,36 108,44 112,99 117,07 121,92 131,48 132,23 126,85 117,54 120,03 122,3 115,14 109,44 108,77 120,58 120,47 109,28 92,58 70,07 47,69 21,02 0 23,5 43,43 56,63 59,87 53,16 46,1 40,44
42,87 27,22 11,01 0 0 0 0 11,89 27,11 43,16 53,33 59,93 60,69 57,82 55,48 51,61 47,27 28,75 13,55 0 0 0 0 0 0 0 0 24,05 46,05 67,33 84,82 96,64 96,04 99,29 101,87 111,07 113,41 106,02 98,72 86,14 78,35 68,28 64,73 70,02 74,22 78,66 79,69 77,38 75,1 74,55 78,21 85,73 93,5 104,27 109,81 110,76 108,37 105,28 103,59 103,03 99,64 94,04 87,95 83,92 83,67 87,7 98,64 110,23 115,53 118,49 119,68 125,2 130,56 132,71 128,35 122,17 125,7 125,13 116,83 106,94 106,14 111,91 106,7 93,74 78,18 60,44 39,92 18,39 0 20,83 40,15 50,88 55,88 50,33 44,76 39,2
41,71 24,9 8,68 0 0 0 0 11,77 27,39 44,97 53,88 55,08 52,59 53,02 56,71 57,9 50,8 31,92 13,71 0 0 0 0 0 0 0 10,7 26,16 48,13 65,47 81,06 89,79 89,48 88,43 88,14 95,89 104,17 105,32 105,26 95,68 88,1 76,37 71,64 75,76 78,79 83,39 84,31 78,57 71,91 66,67 71,74 80,08 90,81 100,72 108,35 108,6 109,87 108,95 110,96 109,02 104,18 95,11 89,71 86,83 91 96,18 105,61 114,58 118,04 120,71 122,67 131,62 134,54 136,45 127,14 121,32 117,89 113,2 105,35 97,86 94,93 92,54 83,48 72,71 61,87 49,4 33,64 16,3 0 15,41 30,08 40,66 46,57 44,97 39,93 34,87
40,95 25,92 10,71 0 0 0 0 9,39 25,05 43,44 55,34 56,33 58,06 57,96 60,1 58,94 51,7 36,8 17,83 0 0 0 0 0 0 0 11 26,46 45,35 58,8 69,89 77,47 76,36 74,86 74,09 82,6 95,4 101,79 108,05 101,24 95,64 82,05 75,36 75,11 76,49 81,55 83,3 74,15 63,54 56,05 64,58 75,8 90,6 99,35 106,98 108,02 111,15 111,43 113,42 110,43 105,2 95,73 92,59 92,16 97 102,76 108,12 114,4 114,74 120,37 125,35 138,93 136,61 131,3 113,93 105,63 97,17 91,71 84,48 79,33 69,82 62,83 52,06 46,81 40,13 34,5 25,83 14,07 0 10,06 18,27 24,56 30,88 31,79 28,91 22,77
44,3 29,18 13,13 0 0 0 0 9,19 24,88 43,83 53,53 54,95 54,47 58,52 60,46 63,17 54,59 42,85 24,25 9,89 0 0 0 0 0 0 10,67 23,99 40,46 52,24 63,96 71,14 70,32 68,08 68,82 76,82 88,93 96,95 105,59 103,31 98,25 84,07 74,68 70,08 70,54 74,82 77,15 65,91 53,06 45,36 56,83 72,67 90,68 102,36 108,95 110,73 110,77 111,65 112,99 111,03 106,08 97,91 96,53 97,96 101,47 105,07 107,57 110,32 108,4 113,57 122,13 133,83 129,36 115,17 94,07 83,01 75,79 71,37 65,05 58,84 45,34 34,21 24,21 23,26 20,79 18,27 15,53 0 0 0 0 9,31 14,71 17,07 15,04 10,26
50,54 35,85 18,79 0 0 0 0 8,09 22,16 39,06 50,19 55,27 60,78 63,98 65,2 64,28 60,18 52,19 37,62 20,87 0 0 0 0 0 0 0 21,47 33,53 43,55 52,92 59,49 60,68 63,62 71,65 83,38 93 97,29 100,83 97,29 91,09 79,09 70,76 65,24 58,07 54,01 50,4 42,84 35,16 32,68 45,85 64,96 85,99 102,22 109,32 112,62 112,61 113,51 112,66 108,01 102,72 95,91 95,27 97,98 98,98 103,46 104,87 106,88 101,13 104,2 109,05 113,06 101,69 83,99 68,4 57,04 51,85 48,38 48,6 42,4 28,26 14,06 0 0 0 0 0 0 0 0 0 0 0 0 0 0
59,76 42,02 22,66 7,03 0 0 0 0 18,36 34,64 46,46 51,76 56,57 58,46 65,65 67,27 67,96 58,36 49,39 34,31 21,27 0 0 0 0 0 0 20,19 30,87 39,41 46,69 51,1 56,51 63,96 76,51 87,54 94,3 96,12 94,35 89,05 83,38 75,71 71,4 60,11 45,1 30,11 23,61 19,6 18,1 21,13 34,38 51,58 70,08 87,72 98,1 104,64 104,34 103,71 100,69 96,18 92,16 87,97 87,13 87,73 87,25 92,39 95,72 97,17 92,87 92,75 88,39 79,64 61,69 48,84 38,72 32,71 34,44 35,42 40,87 34,1 28,76 17,97 10,16 0 0 0 0 0 0 0 0 0 0 0 0 0
69,43 50,95 27,95 10,2 0 0 0 0 13,88 27,2 39,07 46,84 54,17 59,03 68,74 73,07 73,48 64,19 57,17 46,18 30,71 14,73 0 0 0 0 0 17,78 28,82 37,09 41,4 44,74 51,31 62,52 77,91 91,58 98,55 97,86 91,97 83,58 78,6 75,25 68,99 53,91 30,79 13,71 0 0 0 10,02 20,75 33,73 48,84 64 76,56 85,83 88,16 86,87 83,24 79,84 77,5 74,53 74,67 76,34 78,5 84,92 86,49 88,97 75,98 67,37 49,77 42,89 29,73 25,59 19,03 16,39 20,24 27,08 37,82 32,02 27,68 16,85 11,76 0 0 0 0 0 0 0 0 0 0 0 0 0
67,07 49,91 27,47 11,05 0 0 0 0 10,37 21,55 32,63 41,12 49,14 57,69 67,84 73,38 73,75 66,73 62,28 55,3 37,84 21,4 0 0 0 0 0 14,16 25,5 34,45 39,75 44,6 51,74 61,66 74,73 88,77 98,22 99,68 94,89 86,12 81,36 77,35 67,33 47,49 26,17 13,26 0 0 0 0 11,17 19,25 28,57 38,51 49,67 59,97 63,52 63,76 61,22 61,12 60,51 61,81 65,62 69,02 73,28 77,89 78,5 72,69 55,06 39,04 21,44 20,19 16,27 18,12 10,29 0 18,68 30,24 38,76 28,8 25,12 16,35 13,52 0 0 0 0 0 0 0 0 0 0 0 0 0
66,44 50,1 29,54 13,43 0 0 0 0 7,06 16,06 26,18 35,31 44,82 55,88 66,23 77,02 80,33 79,6 71,95 63,21 40,89 23,68 0 0 0 0 0 10,74 22,07 32,61 39,9 46,42 53,43 61,44 71,13 83,41 94,46 98,9 95,96 87,42 80,17 72,68 57,02 41,09 25,51 19,9 14,8 10,11 0 0 0 10,27 14,81 18,92 25,35 35,39 41,46 45,77 45,79 49,59 52,76 58,62 64,41 71,89 78,46 80,43 72,54 59,15 37,16 21,87 10,08 15,48 21,07 26,06 23,55 22,29 28,71 35,75 40,9 29,28 20,06 0 0 0 0 0 0 0 0 0 0 0 0 0 0 0
62,76 47,29 30,53 16,19 0 0 0 0 0 9,29 15,77 22,4 36,02 52,97 67,93 76,78 81,74 82,23 75,58 64,18 42,52 26,24 11,3 0 0 0 0 10,86 21,9 32,73 42,47 50,66 56,92 62,07 68,46 76,85 86,38 92,28 92,66 86,56 78,36 66,76 53,45 39,94 30,25 24,75 21,48 18,09 14,48 0 0 0 0 0 10,49 17,81 25,12 32,87 37,44 44,58 51,22 59,3 67,17 75,22 83,1 82,8 70,5 49,86 33,7 24,48 22,58 24,5 29,65 34,55 36,48 34,9 36,41 36,66 37,51 26,42 15,94 0 0 0 0 0 0 0 0 0 0 0 0 0 0 0
65,72 50,51 35,86 24,05 12,26 0 0 0 0 0 6,71 9,88 21,49 38,66 58,46 73,69 84,28 87,57 81,7 67,6 46,41 28,2 15,46 0 0 0 0 13,79 26,28 37,17 47,31 55,14 60,82 65,09 68,91 72,6 77,37 81,53 82,02 78,02 70,45 60,15 50,12 40,16 34,4 29,51 28,22 26,96 24,76 19,89 13,93 0 0 0 0 0 13,9 23,2 31,86 43,42 52,48 60,91 67,88 78,49 87,84 85,65 68,53 49,89 39,3 34,29 32,13 29,71 33,29 35,46 42,28 42,46 41,76 37,54 34,54 24,86 11,67 0 0 0 0 0 0 0 0 0 0 0 0 0 0 0
62,49 50,02 39,38 29,74 17,75 7,48 0 0 0 0 0 0 8,4 24,72 47,37 65,08 74,9 75,6 69,79 58,76 42,11 27 17,95 11,52 0 0 0 17,57 30,6 40,01 48,68 56,33 61,32 64,21 68,24 71,4 74,71 74,95 74,47 71,34 66,44 59,23 51,94 44,15 39,74 36,02 34,8 33,43 32,33 28,99 20,98 13,32 0 0 0 0 0 14,13 23,81 35,45 45,94 56,52 67,86 79,39 86,27 79,75 63,91 50,78 39,61 30,64 22,99 21,64 23,41 23,92 28,32 30,24 30,23 25,66 21,58 13,09 0 0 0 0 0 0 0 0 0 0 0 0 0 0 0 0
62,18 52,34 42,93 36,19 24,41 13,57 0 0 6,56 0 0 0 0 12,18 29,08 49,72 65,84 69,68 65,56 55,4 41,3 25,67 19,44 12,72 0 0 0 19,34 33,86 43,04 51,69 59,84 67,19 71,3 72,65 72,82 73,58 72,82 72,34 68,36 66,16 61,4 55,65 48,41 44 40,22 36,34 32,75 31,7 30,24 25,08 19,46 11,31 0 0 0 0 0 12,36 23,44 35,66 52,51 63,64 71,34 72,88 68,8 61,24 49,56 35,36 23,56 17,13 19,38 19,09 16,89 15,65 16,18 17,24 14,87 12,33 0 0 0 0 0 0 0 0 0 0 0 0 0 0 0 0 0
61,29 56,02 48,93 41,05 31,53 21,85 18,1 20,6 24,18 22,38 17,74 15,35 15,44 16,33 27,1 45,54 62,59 65,85 59,29 49,88 38,38 24,58 19,32 15,3 12,33 0 0 19,33 33,41 42,8 51,94 61,84 70,91 77,03 79,56 80,72 80,22 77,57 75,38 72,13 70,57 65,8 58,33 51,12 45,29 38,36 28,97 22,11 21,17 23,61 24,09 24,32 17,69 0 0 0 0 0 0 10,1 24,11 42,67 54,07 59,08 60,54 62,7 60,57 50,47 33,65 24,02 20,5 26,48 23,09 17,23 0 0 0 0 0 0 0 0 0 0 0 0 0 0 0 0 0 0 0 0 0 0
61,12 58,71 53,33 48,99 43,21 37,22 36,04 41,45 48,76 46,92 39,58 35,7 34,38 31,71 37,25 50,66 67,52 70,47 64,56 53,94 41,98 27,82 20,86 18,5 15,12 0 0 13,39 28,04 40,59 53,38 64,29 75,13 82,78 85,45 86,18 85,01 83,15 79,46 74,64 69,08 62,73 55,58 49,64 42,18 31,28 18,63 10,62 10,01 13,81 17,79 20,62 17,27 10,09 0 0 0 0 0 0 18,94 33,6 41,48 44,81 51,69 60,56 63,5 52,32 39,84 37,52 40,39 45,21 35,7 23,44 0 0 0 0 0 0 0 0 0 0 0 0 0 0 0 0 0 0 0 0 0 0
54,84 55,38 54,12 54,46 53,88 52,19 52,69 59,82 67,75 66,18 58,46 56,39 53,93 52,18 53,06 63,88 74,33 74,91 66,81 55,71 43,78 30,58 21,03 19,04 14,89 0 0 0 18,09 30,73 47,06 61,09 73,79 81,67 86,14 88,32 87,71 82,81 74,6 67,06 60,33 54,86 47,21 41,86 34,47 24,8 12,45 0 0 12 17,57 19,79 13,34 0 0 0 0 0 0 0 10,5 18,72 24,99 34,75 45,5 57,34 56,66 52,23 46,06 50,61 53,43 53,6 37,93 20,32 0 0 0 0 0 0 0 0 0 0 0 0 0 0 0 0 0 0 0 0 0 0
44,98 47,14 49,05 53,99 58,32 60,78 62,34 68,11 72,4 69,84 66,47 69,13 69,18 67,9 65,64 71,06 74,29 72,32 64,31 53,77 42,53 30,62 19,88 16,44 11,5 0 0 0 0 20,76 35,81 48,57 64,39 71,89 76,1 74,57 74,11 69,09 61,93 50,5 40,8 32,21 28,08 26,05 22,79 19,15 12,85 0 0 12,61 13,14 11,71 0 0 0 0 0 0 0 0 0 0 13,1 20,45 31,23 42,08 46,14 47,74 50,02 56,42 59,45 52,5 33,23 13,31 0 0 0 0 0 0 0 0 0 0 0 0 0 0 0 0 0 0 0 0 0 0
