rofental/data/rofental/ice_thickness_rofental_50.asc
ncols         644
nrows         451
xllcorner     622802,488
yllcorner     5177999,379
cellsize      50
NODATA_value  -9999
[rows 0 to 54 of 451, columns 384 to 479 of 644]
-9999 -9999 -9999 -9999 -9999 -9999 -9999 -9999 -9999 -9999 -9999 -9999 -9999 -9999 -9999 -9999 -9999 -9999 -9999 -9999 -9999 -9999 -9999 -9999 -9999 -9999 -9999 -9999 -9999 -9999 -9999 -9999 -9999 -9999 -9999 -9999 -9999 -9999 -9999 -9999 -9999 -9999 -9999 -9999 -9999 -9999 -9999 -9999 -9999 -9999 -9999 -9999 -9999 -9999 -9999 -9999 -9999 -9999 -9999 -9999 -9999 -9999 -9999 -9999 -9999 -9999 -9999 -9999 -9999 -9999 -9999 -9999 -9999 -9999 -9999 -9999 -9999 -9999 -9999 -9999 -9999 -9999 -9999 -9999 -9999 -9999 -9999 -9999 -9999 -9999 -9999 -9999 -9999 -9999 -9999 -9999
0 0 0 0 0 0 0 0 0 0 0 0 0 0 0 0 0 0 0 0 0 0 0 0 0 0 0 0 0 0 0 0 0 0 0 0 0 0 0 0 0 0 0 0 0 0 0 0 0 0 0 0 0 0 0 0 0 0 0 0 0 0 0 0 0 0 0 0 0 0 0 0 0 0 0 0 0 2,41 4,29 4,29 1,89 0 6,22 12,98 16,37 11,86 5,1 0 0 0 0 0 0 0 0 0
0 0 0 0 0 0 0 0 0 0 0 0 0 0 0 0 0 0 0 0 0 0 0 0 0 0 0 0 0 0 0 0 0 0 0 0 0 0 0 0 0 0 0 0 0 0 0 0 0 0 0 0 0 0 0 0 0 0 0 0 0 0 0 0 0 0 0 0 0 0 0 0 0 0 0 0 0 0 0 0 0 0 8,12 14,77 19,09 15,05 8,4 2,43 0 0 0 0 0 0 0 0
0 0 0 0 0 0 0 0 0 0 0 0 0 0 0 0 0 0 0 0 0 0 0 0 0 0 0 0 0 0 0 0 0 0 0 0 0 0 0 0 0 0 0 0 0 0 0 0 0 0 0 0 0 0 0 0 0 0 0 0 0 0 0 0 0 0 0 0 0 0 0 0 0 0 0 0 0 0 0 0 0 0 8,03 15,29 19,18 16,57 9,83 4,29 0 0 0 0 0 0 0 0
0 0 0 0 0 0 0 0 0 0 0 0 0 0 0 0 0 0 0 0 0 0 0 0 0 0 0 0 0 0 0 0 0 0 0 0 0 0 0 0 0 0 0 0 0 0 0 0 0 0 0 0 0 0 0 0 0 0 0 0 0 0 0 0 0 0 0 0 0 0 0 0 0 0 0 0 0 0 0 0 0 0 5,2 9,86 13,54 12,97 9,67 4,86 0 0 0 0 0 0 0 0
0 0 0 0 0 0 0 0 0 0 0 0 0 0 0 0 0 0 0 0 0 0 0 0 0 0 0 0 0 0 0 0 0 0 0 0 0 0 0 0 0 0 0 0 0 0 0 0 0 0 0 0 0 0 0 0 0 0 0 0 0 0 0 0 0 0 0 0 0 0 0 0 0 0 0 0 0 0 0 0 0 0 0 4,61 7,36 7,87 6,36 3,61 0 0 0 0 0 0 0 0
0 0 0 0 0 0 0 0 0 0 0 0 0 0 0 0 0 0 0 0 0 0 0 0 0 0 0 0 0 0 0 0 0 0 0 0 0 0 0 0 0 0 0 0 0 0 0 0 0 0 0 0 0 0 0 0 0 0 0 0 0 0 0 0 0 0 0 0 0 0 0 0 0 0 0 0 0 0 0 0 0 0 0 0 0 2,18 3,02 0 0 0 0 0 0 0 0 0
0 0 0 0 0 0 0 0 0 0 0 0 0 0 0 0 0 0 0 0 0 0 0 0 0 0 0 0 0 0 0 0 0 0 0 0 0 0 0 0 0 0 0 0 0 0 0 0 0 0 0 0 0 0 0 0 0 0 0 0 0 0 0 0 0 0 0 0 0 0 0 0 0 0 0 0 0 0 0 0 0 0 0 0 0 0 0 0 0 0 0 0 0 0 0 0
0 0 0 0 0 0 0 0 0 0 0 0 0 0 0 0 0 0 0 0 0 0 0 0 0 0 0 0 0 0 0 0 0 0 0 0 0 0 0 0 0 0 0 0 0 0 0 0 0 0 0 0 0 0 0 0 0 0 0 0 0 0 0 0 0 0 0 0 0 0 0 0 0 0 0 0 0 0 0 0 0 0 0 0 0 0 0 0 0 0 0 0 0 0 3,29 8,33
0 0 0 0 0 0 0 0 0 0 0 0 0 0 0 0 0 0 0 0 0 0 0 0 0 0 0 0 0 0 0 0 0 0 0 0 0 0 0 0 0 0 0 0 0 0 0 0 0 0 0 0 0 0 0 0 0 0 0 0 0 0 0 0 0 0 0 0 0 0 0 0 0 0 0 0 0 0 0 0 0 0 0 0 0 0 0 0 0 0 0 0 0 4,3 8,71 15,75
0 0 0 0 0 0 0 0 0 0 0 0 0 0 0 0 0 0 0 0 0 0 0 0 0 0 0 0 0 0 0 0 0 0 0 0 0 0 0 0 0 0 0 0 0 0 0 0 0 0 0 0 0 0 0 0 0 0 0 0 0 0 0 0 0 0 0 0 0 0 0 0 0 0 0 0 0 0 0 0 0 0 0 0 0 0 0 0 0 0 0 0 4,83 8,72 16,29 23,35
0 0 0 0 0 0 0 0 0 0 0 0 0 0 0 0 0 0 0 0 0 0 0 0 0 0 0 0 0 0 0 0 0 0 0 0 0 0 0 0 0 0 0 0 0 0 0 0 0 0 0 0 0 0 0 0 0 0 0 0 0 0 0 0 0 0 0 0 0 0 0 0 0 0 0 0 0 0 0 0 0 0 0 0 0 0 0 0 0 0 0 4,34 10,26 16,19 23,79 29,17
0 0 0 0 0 0 0 0 0 0 0 0 0 0 0 0 0 0 0 0 0 0 0 0 0 0 0 0 0 0 0 0 0 0 0 0 0 0 0 0 0 0 0 0 0 0 0 0 0 0 0 0 0 0 0 0 0 0 0 0 0 0 0 0 0 0 0 0 0 0 0 0 0 0 0 0 0 0 0 0 0 0 0 0 0 0 0 0 0 0 2,82 6,16 13,27 19,24 26,57 32,85
0 0 0 0 0 0 0 0 0 0 0 0 0 0 0 0 0 0 0 0 0 0 0 0 0 0 0 0 0 0 0 0 0 0 0 0 0 0 0 0 0 0 0 0 0 0 0 0 0 0 0 0 0 0 0 0 0 0 0 0 0 0 0 0 0 0 0 0 0 0 0 0 0 0 0 0 0 0 0 0 0 0 0 0 0 0 0 0 0 0 0 6,26 13,72 21,26 27,23 32,34
0 0 0 0 0 0 0 0 0 0 0 0 0 0 0 0 0 0 0 0 0 0 0 0 0 0 0 0 0 0 0 0 0 0 0 0 0 0 0 0 0 0 0 0 0 0 0 0 0 0 0 0 0 0 0 0 0 0 0 0 0 0 0 0 0 0 0 0 0 0 0 0 0 0 0 0 0 0 0 0 0 0 0 0 0 0 0 0 0 0 0 6,94 12,83 19 24,14 28,82
0 0 0 0 0 0 0 0 0 0 0 0 0 0 0 0 0 0 0 0 0 0 0 0 0 0 0 0 0 0 0 0 0 0 0 0 0 0 0 0 0 0 0 0 0 0 0 0 0 0 0 0 0 0 0 0 0 0 0 0 0 0 0 0 0 0 0 0 0 0 0 0 0 0 0 0 0 0 0 0 0 0 0 0 0 0 0 0 0 0 4,12 8,64 13,44 19,15 24,14 27,25
0 0 0 0 0 0 0 0 0 0 0 0 0 0 0 0 0 0 0 0 0 0 0 0 0 0 0 0 0 0 0 0 0 0 0 0 0 0 0 0 0 0 0 0 0 0 0 0 0 0 0 0 0 0 0 0 0 0 0 0 0 0 0 0 0 0 0 0 0 0 0 0 9,65 11,92 13,73 14,49 11,57 0 0 0 0 0 0 0 0 0 0 0 0 0 6,63 12,56 17,19 20,3 23,43 26,65
0 0 0 0 0 0 0 0 0 0 0 0 0 0 0 0 0 0 0 0 0 0 0 0 0 0 0 0 0 0 0 0 0 0 0 0 0 0 0 0 0 0 0 0 0 0 0 0 0 0 0 0 0 0 0 0 0 0 0 0 0 0 0 0 0 0 0 0 0 0 17,39 23,77 28,16 30,6 30,34 27,95 20,13 18,56 14,72 13,72 0 0 0 0 0 0 0 0 0 0 6,86 13,56 19,89 23,05 26,15 28,95
0 0 0 0 0 0 0 0 0 0 0 0 0 0 0 0 0 0 0 0 0 0 0 0 0 0 0 0 0 0 0 0 0 0 0 0 0 0 0 0 0 0 0 0 0 0 0 0 0 0 0 0 0 0 0 0 0 0 0 0 0 0 0 0 0 0 0 0 0 20,94 35,98 45,02 46,14 45,85 41,49 37,48 27,54 26,56 26,72 27,51 23,25 18,11 11,42 0 0 0 0 0 0 0 5,44 12,69 21,08 25,58 29,05 32,15
0 0 0 0 0 0 0 0 0 0 0 0 0 0 0 0 0 0 0 0 0 0 0 0 0 0 0 0 0 0 0 0 0 0 0 0 0 0 0 0 0 0 0 0 0 0 0 0 0 0 0 0 0 0 0 0 0 0 0 0 0 0 0 0 0 0 0 0 19,01 35,44 50,99 55,8 52,48 47,12 41,15 36,24 31,28 37,19 40,83 44,56 38,89 34,96 24,45 13,92 0 0 0 0 0 0 4,13 11,76 21,25 27,66 32,13 36,4
0 0 0 0 0 0 0 0 0 0 0 0 0 0 0 0 0 0 0 0 0 0 0 0 0 0 0 0 0 0 0 0 0 0 0 0 0 0 0 0 0 0 0 0 0 0 0 0 0 0 0 0 0 0 0 0 0 0 0 0 0 0 0 0 0 0 0 15,79 31,86 47,09 55,67 54,92 48,8 43,99 39,21 39,01 37,84 43,93 49,86 54,78 51,69 46,07 35,15 23,01 12,5 11,81 15,35 16,7 11,65 0 0 10,35 20,06 28,47 35,24 41,6
0 0 0 0 0 0 0 0 0 0 0 0 0 0 0 0 0 0 0 0 0 0 0 0 0 0 0 0 0 0 0 0 0 0 0 0 0 0 0 0 0 0 0 0 0 0 0 0 0 0 0 0 0 0 0 0 0 0 0 0 0 0 0 0 10,88 15,91 21,68 27,79 43,97 54,54 57,03 52,19 48,62 46,62 47,44 46,4 48,14 54,39 60,93 64,47 57,53 49,74 38,87 27,69 19,93 19,6 22,71 23,49 16,86 9,88 0 10,83 18,79 27,91 37,39 45,82
0 0 0 0 0 0 0 0 0 0 0 0 0 0 0 0 0 0 0 0 0 0 0 0 0 0 0 0 0 0 0 0 0 0 0 0 0 0 0 0 0 0 0 0 0 0 0 0 0 0 0 0 0 6,86 10,94 13,26 0 0 0 0 0 0 0 0 14,46 23,76 33,17 38,18 51,32 61,78 59,44 53,89 47,13 50,34 50,12 51,23 52,36 60,04 66,59 68,8 61,32 50,91 39,59 30,84 26,58 28,47 29,93 28,67 20,25 14,56 10,84 11,42 16,45 26,72 41,09 51,91
0 0 0 0 0 0 0 0 0 0 0 0 0 0 0 0 0 0 0 0 0 0 0 0 0 0 0 0 0 0 0 0 0 0 0 0 0 0 0 0 0 0 0 0 0 0 0 0 0 0 0 0 0 14,42 22,03 24,17 13,05 0 0 0 0 0 0 0 13,34 27,08 39,13 46,37 55,37 65,86 63,52 56,33 47,16 46,24 47,81 48,64 53,28 62,2 69,95 71,71 62,92 51,83 41,99 35,92 33,86 34,95 34,25 31,32 21,13 16,83 13,11 13,06 15,41 25,68 42,61 55,38
0 0 0 0 0 0 0 0 0 0 0 0 0 0 0 0 0 0 0 0 0 0 0 0 0 0 0 0 0 0 0 0 0 0 0 0 0 0 0 0 0 0 0 0 0 0 0 0 0 0 0 0 0 17,34 31,92 35,57 27,21 12,87 0 0 0 0 0 0 0 17,34 31,7 44,04 51,38 61,27 59,68 51,27 40,87 38,63 40,24 42,53 47,63 58,17 65,29 67,65 59,83 50,92 44,11 41,9 41,01 39,9 37,07 29,84 18 12,93 12,82 13,93 16,15 24,54 41,42 55,15
0 0 0 0 0 0 0 0 0 0 0 0 0 0 0 0 0 0 0 0 0 0 0 0 0 0 0 0 0 0 0 0 0 0 0 0 0 0 0 0 0 0 0 0 0 0 0 0 0 0 0 0 14,5 27,07 40,49 39,63 36,33 22,87 12,55 0 0 0 0 0 0 11,95 24,14 37,76 43,33 49,24 47,5 38,39 31,28 26,67 31,71 35,12 42,79 50,52 57,24 58,8 53,6 48,14 45,87 45,57 43,63 40,19 36,78 27,09 15,61 11,74 15,32 17,03 17,13 21,74 35,78 49,23
0 0 0 0 0 0 0 0 0 0 0 0 0 0 0 0 0 0 0 0 0 0 0 0 0 0 0 0 0 0 0 0 1,77 3,16 5,74 5,49 5,12 2,54 0 0 0 0 0 0 0 0 0 0 0 0 0 6,63 18,98 35,01 47,28 52,31 49,69 36,33 18,94 0 0 0 0 0 0 0 16,91 27,47 30,72 31,91 28,41 21,05 18,5 19,28 28,17 33,57 41,31 45,75 51,38 50,93 49,48 47,32 47,19 45,9 42,46 39,6 34,58 23,5 12,11 9,94 15,69 17,74 17,52 20,78 32,05 43,09
0 0 0 0 0 0 0 0 0 0 0 0 0 0 0 0 0 0 0 0 0 0 0 0 0 0 0 0 0 0 0 0 3,67 5,06 9,48 7,33 6,96 2,54 0 0 0 0 0 0 0 0 0 0 0 0 0 12,06 28,77 44,29 50,65 52,87 52,81 45,31 27,11 9,66 0 0 0 0 0 0 10,48 17,29 18,38 17,51 13,24 0 10,42 16,11 27,02 35,86 43,49 46,87 49,01 47,31 46,3 44,51 43,91 43,74 40,96 37,95 29,05 18,55 9,51 12,13 16,63 19,35 19,02 25,36 36,9 44,71
0 0 0 0 0 0 0 0 0 0 0 0 0 0 0 0 0 0 0 0 0 0 0 0 0 0 0 0 0 0 0 0 4,68 6,14 11,2 8,05 7,6 2,54 0 0 0 0 0 0 0 0 0 0 0 0 7,86 21,07 38,07 53,77 57,65 59,35 53,58 48,41 30,14 14,13 0 0 0 0 0 0 0 0 0 0 0 0 10,71 20,32 30,95 38,67 44,56 45,96 47,21 44,35 45,54 44,71 45,65 44,19 39,74 33,16 20,82 11,84 0 12,21 14,79 18,79 20,43 29,58 39,35 48,72
0 0 0 0 0 0 0 0 0 0 0 0 0 0 0 0 0 0 0 0 0 0 0 0 0 0 0 0 0 0 0 0 2,9 4,36 6,84 3,94 2,48 0 0 0 0 0 0 0 0 0 0 0 0 0 16,78 33,78 51,3 60,53 63,1 59,48 55,84 47,45 31 13,4 0 0 0 0 0 0 0 0 0 0 0 0 14,65 24,82 32,99 38,93 42,78 44,04 44,15 43,45 45,4 46,54 46,05 43,06 34,6 23,46 11,37 0 0 14,4 16,16 20,62 24,44 37,57 49,37 56,77
0 0 0 0 0 0 0 0 0 0 0 0 0 0 0 0 0 0 0 0 0 0 0 0 0 0 0 0 0 0 0 0 0 2,46 3,11 2,11 0 0 0 0 0 0 0 0 0 0 0 0 0 12,7 34,1 58,13 70,47 73,26 70,63 69,05 62,85 48,03 27,65 9,65 0 0 0 0 0 0 0 0 0 0 0 0 16,34 24,62 30,43 33,64 35,58 37,7 40,7 44,02 48,38 49,85 48,12 40,65 28,36 14,57 0 0 12,81 18,08 18,05 22,34 25,96 39,4 48,6 55,68
0 0 0 0 0 0 0 0 0 0 0 0 0 0 0 0 0 0 0 0 0 0 0 0 0 0 0 0 0 0 0 0 0 0 0 0 0 0 0 0 0 0 0 0 0 0 0 0 0 18,34 43,92 69,5 80,07 80,33 76,52 74,46 67,41 45,17 21,93 0 0 0 0 0 0 0 0 0 0 0 0 0 16,56 22,31 27,77 31,34 34,07 36,74 42,3 49,78 53,48 50,51 42,84 32,97 19,75 9,54 0 13,12 21,28 23,89 20,1 24,65 33,71 50,14 56,19 56,25
0 0 0 0 0 0 0 7,45 10,93 9,72 0 0 0 0 0 0 0 0 0 0 0 0 0 0 0 0 0 0 0 0 0 0 0 0 0 0 0 0 0 0 0 0 0 0 0 0 0 0 8,82 28,67 57,46 81,29 89,37 86,88 81,12 75,22 65,03 41,14 19,11 0 0 0 0 0 0 0 0 0 0 0 0 0 15,63 21,25 26,32 30,14 33,81 38,76 45,67 51,61 52,95 47,05 39,4 27,07 15,21 0 11,53 20,81 29,77 29,47 25,28 32,36 43,76 55,51 50,72 44,68
0 0 0 0 0 0 0 13,94 20,76 19,82 15,39 8,79 0 0 0 0 0 0 0 0 0 0 0 0 0 0 0 0 0 0 0 0 0 0 0 0 0 0 0 0 0 0 0 0 0 0 0 6,66 19,7 40,55 63,98 79,31 88,11 89 86,09 75,24 57,57 32,42 12,29 0 0 0 0 0 0 0 0 0 0 0 0 0 16,59 22,88 28,61 33,9 38,89 43,2 48,64 54,53 56,08 50,38 39,55 23,93 10,87 0 12,27 25,46 33,45 31,44 26,69 32,83 46,89 57,56 46,68 34,47
0 0 0 0 0 0 8,9 19,86 29,53 29,47 24,6 18,12 11,53 0 0 0 0 0 0 0 0 0 0 0 0 0 0 0 0 0 0 0 0 0 0 0 0 0 0 0 0 0 0 0 0 0 8,35 21,68 39,8 60,33 78,82 90,33 95,57 93,27 86,17 71,8 49,45 25,05 7,17 0 0 0 0 0 0 0 0 0 0 0 0 10,18 19,09 26,42 31,73 36,67 42,24 49,68 55,38 59,62 58,81 52,86 40,04 21,57 0 0 10,16 22,62 30,72 28,98 31,42 44,62 57,09 57,75 36,85 20,68
0 0 0 0 0 0 10,29 24,52 36,33 38,36 34,22 27,94 23,44 18,05 14,77 7,98 0 0 0 0 0 0 0 0 0 0 0 0 0 0 0 0 0 0 0 0 0 0 0 0 0 0 0 0 0 7,71 22,63 43,83 64,39 80,59 92,82 102,26 106,77 104,47 93,42 75,67 45,61 20,04 0 0 0 0 0 0 0 0 0 0 0 0 0 13,54 22,99 31,44 37,03 41,26 46,5 56,38 63,33 67,52 62,71 52,89 35,6 17,64 0 0 0 18,93 22,73 23,85 28,84 41,31 51,14 48,04 29,28 15,35
0 0 0 0 0 0 15,7 29,3 41,49 45,38 41,91 36,67 34,35 33,04 28,25 16,45 0 0 0 0 0 0 0 0 0 0 0 0 0 0 0 0 0 0 0 0 0 0 0 0 0 0 0 0 0 19,35 41,88 67,66 87,05 99,69 108,53 118,05 119,25 113,85 97,21 77,24 43,92 18 0 0 0 0 0 0 0 0 0 0 0 0 0 19,34 30,87 39,96 44,22 45,67 50,7 59,83 66,64 66,24 57,04 42,33 25,18 10,59 0 0 10,31 18,23 18,42 19,9 28,58 44,34 51,66 44,06 26,27 13,57
0 0 0 0 8,71 17,09 25,55 36,78 46,14 51,84 51,22 46,44 44,23 43,34 40,39 25,94 11,31 0 0 0 0 0 0 0 0 0 0 0 0 0 0 0 0 0 0 0 0 0 0 0 0 0 0 0 13,73 32,88 56,9 80,72 98,23 109,84 118,11 125,46 125,1 119,88 104,46 86,12 49,46 20,86 0 0 0 0 0 0 0 0 0 0 0 0 14,38 26,04 35,88 43,2 48,03 53,48 59,79 67,27 69,49 64,77 51,37 31,84 15,37 0 0 0 0 13,79 15,72 21,61 30 37,45 40,93 35,22 24,02 12,4
0 0 0 7,56 17,34 30,56 39,55 47,28 53,18 57,06 58,49 56,19 52,88 51,23 45,42 31,71 14,41 0 0 0 0 0 0 0 0 0 0 0 0 0 0 0 0 0 0 0 0 0 0 0 0 0 0 10,02 24,03 43,56 63,18 82,73 99,18 111,62 120,64 124,55 120,99 113,23 99,26 83,12 50,17 22,6 0 0 0 0 0 0 0 0 0 0 0 0 18,82 31,84 41,33 42,69 43,12 46,24 56,41 63,6 66,78 59,96 45,51 23,5 0 0 0 0 0 11,95 19,39 25,08 30,1 34,98 38,11 34,81 23,08 13,89
0 0 0 11,14 25,5 42,4 51,04 57,42 61,34 63,57 64,5 62,75 59,22 55,18 51,39 39,78 24,13 8,58 0 0 0 0 0 0 0 0 0 0 0 0 0 0 0 0 0 0 0 0 0 0 0 0 0 18,61 37,18 55,06 70,34 82,91 95,31 105,41 114,32 116,31 115,68 109,85 100,24 83,66 53,95 26,06 0 0 0 0 0 0 0 0 0 0 0 13,24 24,95 33,66 35,3 29,39 28,24 35,61 52,91 64,52 68,61 58,87 41,33 19,03 0 0 0 0 0 4,48 13,18 19,9 23,57 25,58 29,09 27,12 17,82 10,87
0 0 0 16,49 33,78 51,61 59,23 64,88 69,12 70,5 70,1 66,41 61,57 57,5 54,45 48,14 35,41 18,48 0 0 0 0 0 0 0 0 0 0 0 0 0 0 0 0 0 0 0 0 0 0 0 0 15,84 34,13 52,47 67,53 80,5 91,72 102,14 111,73 119,71 121,31 119,64 112,84 101,42 81,43 56,07 30,23 10,84 0 0 0 0 0 0 0 0 0 0 20,17 29,45 31,41 26,64 16,55 15,18 23,03 44,5 60,7 67,08 56,46 35,04 14,52 0 0 0 0 0 3,38 8,52 11,77 11,68 12,47 14,68 15,1 10,58 7,94
12,54 11,77 12,22 23,65 38,8 55,34 63,8 70,8 75,39 77,34 74,52 66,93 58,57 52,88 51,92 50,8 44,33 26,91 10,63 0 0 0 0 0 0 0 0 0 0 0 0 0 0 0 0 0 0 0 0 0 0 15,31 33,86 54,42 70,88 83,42 95,12 104,44 113,72 122,19 128,58 129,17 126,68 118,23 103,59 78,76 53,76 29,19 12,4 0 0 0 0 0 0 0 0 0 13,89 26,34 32,93 27,31 15,41 0 10,04 24,31 47,32 64,36 68,95 56,47 32,27 12,85 0 0 0 0 0 0 8,02 10,17 11,4 9,6 7,46 0 0 0
27,06 28,36 28,58 35,32 44,8 57,64 67,21 75,94 81,21 82,21 76,5 65,23 53,29 46,74 45,74 48,88 47,38 33,07 14,96 0 0 0 0 0 0 0 0 0 0 0 0 0 0 0 0 0 0 0 0 0 7,17 31,94 57 79,62 86,02 95,25 104,08 113,97 125,4 135,38 141,13 139,23 130,97 116,06 93,52 65,59 40,93 21,4 9,76 0 0 0 0 0 0 0 0 0 15,72 29,35 36,86 29,09 17,67 9,57 17,32 32,2 51,19 66,77 68,96 57,29 31,59 12,31 0 0 0 0 10,64 15,11 20,34 21,58 19,77 13,98 7,03 0 0 0
45,03 48,5 49 50,82 54,19 61,78 71,1 79,79 84,52 82,57 73,41 59,79 46,29 39,23 38,83 41,96 41,79 30,89 16,36 0 0 0 0 0 0 0 0 0 0 0 0 0 0 0 0 0 0 0 0 0 15,16 43,5 72,64 95,71 102,46 106,52 110,33 114,11 124,42 133,44 143,06 141,32 131,11 107,56 77,71 47,62 25 10,19 0 0 0 0 0 0 0 0 0 0 15,07 27,77 38,58 34,25 26,96 20,3 30,13 43,48 57,53 66,85 66,9 55,72 31,57 12,77 0 0 0 11,79 20,14 23,21 27,22 26,71 24,19 17,5 9,36 0 0 8,04
60,78 66,83 67,51 68,05 68,7 72,6 80,29 87,07 88,25 81,21 67,11 52,79 38,63 31,92 32,52 34,04 34,91 25,02 14,68 0 0 0 0 0 0 0 0 0 0 0 0 0 0 0 0 0 0 0 7,01 15,12 25,74 51,94 79,38 103,45 113,29 118,16 119,54 117,64 120,01 126,8 138,74 142,13 129,29 99,83 62,32 31,48 11,59 0 0 0 0 0 0 0 0 0 0 0 16,43 29,19 39,59 38,75 36,27 32,97 40,01 49,89 59,93 66,78 63,44 49,13 25,88 0 0 0 12,12 19,24 25,39 26,26 29,05 27,07 22,55 15,62 8,96 0 0 8,08
70,15 76,64 79,89 82,98 83,9 86,5 91,25 94,34 88,67 77,39 60,59 46,57 32,3 24,29 24,02 24,36 22,83 15,08 8,37 0 0 0 0 0 0 0 0 0 0 0 0 0 0 0 0 0 0 10,51 19,92 34,48 42,95 58,48 81,15 104,06 122,74 130,12 131,82 126,21 120,45 119,66 132,76 141,05 131,27 96,39 53,22 21,7 0 0 0 0 0 0 0 0 0 0 0 0 17,88 29,78 35,96 35,8 37,22 39,69 43,84 46,48 48,92 51,79 48,45 35,81 17,59 0 0 12 19,84 26,53 30,22 29,54 29,71 26,09 20,18 12,28 0 0 0 0
75,5 80,72 85,45 89,97 92,74 94,36 96,74 97,76 88,89 75,29 56,81 40,98 25,9 15,64 13,53 12,92 11,92 0 0 0 0 0 0 0 0 0 0 0 0 0 0 0 0 0 0 0 0 19,53 34,76 49,4 54,57 67,03 87,5 110,25 132,03 144,31 146,72 137,41 124,48 116,49 127,53 138,64 132,27 96,04 48,87 16,25 0 0 0 0 0 0 0 0 0 0 0 0 13,45 22,31 23,17 22,41 25,02 31,74 34,88 32,71 29,61 30,64 29,1 20,66 0 0 12,25 22,62 28,66 32,78 35,84 37,74 36,73 30,68 21,24 12,59 7,42 0 0 0
79,08 80,81 85,92 89,22 92,15 91,32 90,66 89,37 79,7 67,32 51,08 34,24 19,37 7,6 0 0 0 0 0 0 0 0 0 0 0 0 0 0 0 0 0 0 0 0 0 0 6,91 24,17 40,74 55,1 63,99 78,62 99,55 120,78 142,14 154,7 156,74 145 130,58 115,73 119,79 125,3 122,27 92 48,92 17,36 0 0 0 0 0 0 0 0 0 0 0 0 0 10,93 10,9 10,31 12,57 17,88 20,42 16,5 10,98 9,85 0 0 0 0 17,63 28,63 35,31 39,66 45,47 49,69 45,42 38,62 27,78 19,66 13,16 10,07 7,17 0
80,32 78,49 79,07 79,44 80,74 78,95 75,83 74,06 66,29 56,21 42,28 25,98 12,49 0 0 0 0 0 0 0 0 0 0 0 0 0 0 0 0 0 0 0 0 0 0 0 16,92 33,88 48,2 61,26 74,26 92,39 116,15 138,05 158,95 169,24 168,38 151,49 130,98 113,04 110,06 110,9 107,26 87,03 55,44 24,81 6,65 0 0 0 0 0 0 0 0 0 0 0 0 0 0 0 0 0 0 0 0 0 0 0 0 6,78 18,39 28,08 35,02 40,16 48,34 52,77 48,7 44,24 36,08 30,92 24,38 19,52 15,96 13,04
74,12 70,3 67,71 64,83 63,97 61,91 59,08 55,76 48,52 40,61 29,8 17,21 0 0 0 0 0 0 0 0 0 0 0 0 0 0 0 0 0 0 0 0 0 0 0 17,77 33,12 49,17 61,44 75,52 93,46 114,54 135,74 151,84 165,77 173,54 172,7 156,62 132,8 109,98 96,43 89,23 83,7 74,97 54,28 28,15 7,87 0 0 0 0 0 0 0 0 0 0 0 0 0 0 0 0 0 0 6,87 13,48 19,51 20,36 13,4 0 0 13,33 20,88 27,81 34,36 44,02 50,22 51,81 51,39 47,55 42,79 36,2 30,6 28,06 27,38
69,54 66,08 59,06 52,21 46,76 44,75 41,97 38,46 33,65 26,83 18,33 9,33 0 0 0 0 0 0 0 0 0 0 0 0 0 0 0 0 0 0 0 0 0 0 17,08 35,24 52,74 68,91 80 96,35 112,94 131,82 149,42 164,29 177,46 184,2 184,95 170,68 143,79 115,44 93,37 80,93 71,19 63,43 46,93 25,12 7,94 0 0 0 0 0 0 0 0 0 0 0 0 0 0 0 0 0 0 11,6 21,58 26,49 25,78 15,45 0 0 8,68 14,06 17,54 23,32 32,38 42,22 51,75 56,07 56,72 51,82 47,05 44,41 44,51 43,12
68,11 65,34 57,96 47,96 38,48 31,56 26,76 22,75 19,22 13,97 8,25 0 0 0 0 0 0 0 0 0 0 0 0 0 0 0 0 0 0 0 0 0 0 14,81 34,12 56,31 72,82 85,87 95,16 110,67 125 138,95 151,55 163,06 175,3 182,91 188,1 180,43 155,19 122,07 92,18 75,14 62,45 53,63 38,48 22,44 8,01 0 0 0 0 0 0 0 0 0 0 0 0 0 0 6,5 0 0 6,8 12,89 23,47 27,33 24,2 13,27 0 0 0 6,56 8,59 11,85 18,81 33,3 50,01 60,15 63,48 60,01 57,66 57,95 60,03 57,57
70,47 67,8 57,97 46,77 34,76 24,74 15,83 10,82 8,41 0 0 0 0 0 0 0 0 0 0 10,13 12,03 8,75 0 0 0 0 0 0 0 0 0 0 10,39 27,61 50,23 71,6 87,41 98,53 107,06 118,44 125,93 133,57 143,28 156,93 170,89 178,96 186,51 182,99 162,24 130,98 100,66 82,47 67,24 54,1 40,34 28,97 17,81 8,3 0 0 0 0 0 0 0 0 0 0 0 0 0 8,38 7,73 0 7,36 14,06 23,62 26,39 20,07 9,63 0 0 0 0 0 0 10,46 28,5 47,73 62,82 67,71 66,74 65,61 69,1 72,9 67,42
68,26 64,06 54,99 44,99 32,55 19,72 8,61 0 0 0 0 0 0 0 0 0 0 7,4 15,8 25,58 29,49 25,66 16,67 7,02 0 0 0 0 0 0 0 0 18,63 39,58 63,15 84,22 98,93 108,03 113,02 116,85 117,03 119,98 128,33 141,05 152,82 161,82 171,81 175,18 161,77 137,91 111,82 95,82 81,83 70,29 59,89 49,45 39,86 24,39 12,07 0 0 0 0 0 0 0 0 0 0 0 0 7,64 6,95 0 0 11,73 21,38 25,77 18,13 7,61 0 0 0 0 0 7,17 11,93 28,73 48,5 63,53 67,76 67,51 67,27 73,15 78,27 73,25
62,44 56,55 45,43 33,59 22,21 11,87 0 0 0 0 0 0 0 0 0 0 12,54 21,98 34,74 47,13 51,26 44,65 31,08 14,87 0 0 0 0 0 0 0 9,45 24,97 45,84 64,62 82,45 97,15 106,36 109,52 108,02 103,74 105,3 111,88 124,48 135,84 146,62 157,08 165,94 162,13 149,64 129,92 119,44 109,73 99,29 85,78 72,67 62,72 45,06 26 7,85 0 0 0 0 0 0 0 0 0 0 0 0 0 0 0 11,89 21,82 27,71 18,96 8,74 0 0 0 11,95 16,65 18,59 21,48 33,88 48,03 58,77 60,96 60,59 63,11 71,32 75,13 70
