rofental/data/rofental/ice_thickness_rofental_100.asc
ncols         322
nrows         225
xllcorner     622802,488
yllcorner     5178049,379
cellsize      100
NODATA_value  -9999
[rows 144 to 191 of 225, columns 192 to 287 of 322]
23,2525 37,2825 20,85 0 0 0 0 0 0 0 0 0 0 0 0 0 0 0 0 0 0 0 0 0 0 0 0 0 0 0 0 0 0 0 0 0 0 0 0 0 0 0 0 0 0 3,715 11,49 5,535 13,675 19,8625 11,3375 0 2,1375 20,8975 20,76 2,4925 0 5,985 28,245 49,1275 64,055 71,39 73,0875 76,165 75,89 71,955 67,6675 61,8925 52 37,4425 37,9575 44,885 48,455 48,0425 32,4475 6,8375 0 0 0 1,47 9,82 3,005 0 0 11,445 77,45 123,9875 105,9825 60,4575 16,745 0 0 0 0 0 0
19,3525 34,3075 19,1625 0 0 0 0 0 0 0 0 0 0 0 0 0 0 0 0 0 0 0 0 0 0 0 0 0 0 0 0 0 0 0 0 0 0 0 0 0 0 0 0 0 0 0 1,5325 0,805 5,4525 8,1475 1,27 0 5,035 24,655 28,4425 11,4375 0 2,31 21,2825 36,1075 49,965 58,29 63,4275 70,4475 69,9975 66,3725 64,9625 59,65 48,4775 40,0225 43,14 55,95 62,2275 61,7525 48,87 21,25 0 5,3425 9,8975 10,5175 19,5775 17,54 2,085 0 8,717501 67,235 124,155 116,0625 63,8025 12,9975 0 0 0 0 0 0
9,8925 21,8775 11,115 0 0 0 0 0 0 0 0 0 0 0 0 0 0 0 0 0 0 0 0 0 0 0 0 0 0 0 0 0 0 0 0 0 0 0 0 0 0 0 0 0 0 0 0 0 0 0 0 0 2,26 17,865 21,7 9,77 0 0 13,4325 15,235 14,2975 34,36 57,3125 70,585 65,68 58,9275 57,015 54,755 49,535 39,07 38,9 52,3475 59,525 62,36 49,5425 23,335 1,045 12,985 23,2825 24,65 29,7775 24,225 4,1425 0 8,075 64,065 124,0225 121,7275 70,345 18,5025 0 0 0 0 0 0
0 0 0 0 0 0 0 0 0 0 0 0 0 0 0 0 0 0 0 0 0 0 0 0 0 0 0 0 0 0 0 0 0 0 0 0 0 0 0 0 0 0 0 0 0 0 0 0 0 0 0 0 0 0 11,5625 0 3,3925 5,5 9,9125 13,9575 0 26,9225 57,875 75,9425 69,4325 60,05 58,0225 52,665 36,5975 19,905 22,0025 34,0225 44,8375 53,2575 43,5275 17,5175 5,36 21,7175 31,375 35,5675 34,3325 17,855 0 0 11,9575 74,44 131,355 140,73 97,46 42,125 4,3675 0 0 0 0 0
0 0 0 0 0 0 0 0 0 0 0 0 0 0 0 0 0 0 0 0 0 0 0 0 0 0 0 0 0 0 0 0 0 0 0 0 0 0 0 0 0 0 0 0 0 0 0 0 0 0 0 0 0 0 12,5975 2,33 7,03 20,2725 24,965 26,035 6,35 11,2375 40,635 71,3975 77,035 69,1 68,4375 52,3175 30,33 12,6 5,205 13,2975 21,4075 24,9475 14,815 5,28 18,5775 31,6325 37,8125 37,9925 34,2925 20,925 3,0375 0 13,985 78,2375 133,35 160,79 138,9725 85,8425 38,9925 2,7 0 0 0 0
0 0 0 0 0 0 0 0 0 0 0 0 0 0 0 0 0 0 0 0 0 0 0 0 0 0 0 0 0 0 0 0 0 0 0 0 0 0 0 0 0 0 0 0 0 0 0 0 0 0 0 0 0 0 0 0 0 10,975 24,425 26,96 11,87 0 17,98 45,7725 64,66 72,4425 73,8975 62,8 48,145 37,195 25,6425 16,1875 4,605 0 0 14,3425 29,735 38,385 42,195 36,2575 28,9225 17,4375 2,765 0 3,355 45,895 115,6125 178,445 192,95 147,305 88,92751 24,5025 3,54 0 0 0
0 0 0 0 0 0 0 0 0 0 0 0 0 0 0 0 0 0 0 0 0 0 0 0 0 0 0 0 0 0 0 0 0 0 0 0 0 0 0 0 0 0 0 0 0 0 0 0 0 0 0 0 0 0 0 0 0 0 0 6,7975 12,64 0 7,225 29,11 45,6775 61,5225 67,8675 64,69 47,75 37,62 33,16 32,9525 23,1775 3,8125 3,73 21,455 35,62 40,4075 38,955 33,4925 24,765 10,0925 0 0 0 23,1325 104,395 175,73 206,085 185,5075 152,415 91,2725 29,805 0 0 0
0 0 0 0 0 0 0 0 0 0 0 0 0 0 0 0 0 0 0 0 0 0 0 0 0 0 0 0 0 0 0 0 0 0 0 0 0 0 0 0 0 0 0 0 0 0 0 0 0 0 0 0 0 0 0 0 0 0 0 0 0 0 0 11,48 24,54 45,1925 59,285 57,305 30,425 14,2575 19,51 37,5375 41,665 22,9475 5,5225 26,73 39,365 39,525 32,845 27,1425 18,67 3,9025 0 0 0 11,8875 77,9275 130,355 162,6225 181,17 170,4575 127,69 67,63 4,33 0 0
0 0 0 0 0 0 0 0 0 0 0 0 0 0 0 0 0 0 0 0 0 0 0 0 0 0 0 0 0 0 0 0 0 0 0 0 0 0 0 0 0 0 0 0 0 0 0 0 0 0 0 0 0 0 0 0 0 0 0 0 0 0 0 0 2,55 21,765 44,14 52,0525 36,6425 20,7175 10,075 17,0875 34,62 31,715 17,3475 28,8925 36,7725 30,995 22,4375 15,285 9,965 0 0 0 0 9,74 67,5575 122,8125 158,2925 188,7025 171,575 123,0475 69,97 10,7225 0 0
0 0 0 0 0 0 0 0 0 0 0 0 0 0 0 0 0 0 0 0 0 0 0 0 0 0 0 0 0 0 0 0 0 0 0 0 0 0 0 0 0 0 0 0 0 0 0 0 0 0 0 0 0 0 0 0 0 0 0 0 0 0 0 0 0 3,0625 25,01 42,955 47,2425 43,545 42,2675 24,03 20,69 29,61 22,745 28,585 29,4825 18,7675 8,205 1,315 2,075 5,51 5,565 4,2875 0 9,5375 72,825 137,4675 180,795 214,665 181,635 117,6275 66,7575 12,3625 0 0
0 0 0 0 0 0 0 0 0 0 0 0 0 0 0 0 0 0 0 0 0 0 0 0 0 0 0 0 0 0 0 0 0 0 0 0 0 0 0 0 0 0 0 0 0 0 0 0 0 0 0 0 0 0 0 0 0 0 0 0 0 0 0 0 0 0 3,74 21,7075 31,14 35,015 43,9675 37,2725 22,9975 20,4675 13,7775 24,29 19,81 3,95 1,64 8,94 19,045 24,8225 24,1975 15,855 0 10,4625 73,2225 140,94 188,105 218,31 182,4125 117,385 65,83 13,1525 0 0
0 0 0 0 0 0 0 0 0 0 0 0 0 0 0 0 0 0 0 0 0 0 0 0 0 0 0 0 0 0 0 0 0 0 0 0 0 0 0 0 0 0 0 0 0 0 0 0 0 0 0 0 0 0 0 0 0 0 0 0 0 0 0 0 0 0 0 0 0 2,18 7,735 13,255 9,24 2,6775 0 13,1975 8,33 0 10,8725 27,795 35,65 38,2375 30,6875 13,7275 0 24,33 87,8375 145,4675 184,8825 203,84 169,925 116,4825 69,0875 13,3925 0 0
0 0 0 0 0 0 0 0 0 0 0 0 0 0 0 0 0 0 0 0 0 0 0 0 0 0 0 0 0 0 0 0 0 0 0 0 0 0 0 0 0 0 0 0 0 0 0 0 0 0 0 0 0 0 0 0 0 0 0 0 0 0 0 0 0 0 0 0 0 4,86 11,5975 9,6 1,05 2,9275 4,78 2,77 1,0475 0 7,4 34,37 41,67 34,0125 20,34 4,87 0 21,92 104,285 163,735 193,23 202,3175 174,5425 126,595 73,2575 14,1225 0 14,3425
0 0 0 0 0 0 0 0 0 0 0 0 0 0 0 0 0 0 0 0 0 0 0 0 0 0 0 0 0 0 0 0 0 0 0 0 0 0 0 0 0 0 0 0 0 0 0 0 0 0 0 0 0 0 0 0 0 0 0 0 0 0 0 0 0 0 0 0 1,22 16,22 22,905 17,2925 3,205 4,7825 7,3225 1 0 0 6,945 31,235 34,5125 20,68 2,9575 0 0 12,615 110,8525 190,23 214,25 216,1875 186,7125 145,6875 96,89 36,4475 0 26,385
0 0 0 0 0 0 0 0 0 0 0 0 0 0 0 0 0 0 0 0 0 0 0 0 0 0 0 0 0 0 0 0 0 0 0 0 0 0 0 0 0 0 0 0 0 0 0 0 0 0 0 0 0 0 0 0 0 0 0 0 0 0 0 0 0 0 0 0 0 6,12 10,9325 6,845 0 0,7675 2,23 0 0 3,6725 11,66 35,6325 38,6925 16,1975 0 0 0 11,1075 104,7775 181,895 208,17 217,445 192,7475 158,35 129,1025 74,635 34,585 52,6225
0 0 0 0 0 0 0 0 0 0 0 0 0 0 0 0 0 0 0 0 0 0 0 0 0 0 0 0 0 0 0 0 0 0 0 0 0 0 0 0 0 0 0 0 0 0 0 0 0 13,48 20,645 13,6425 3,285 0 0 0 0 0 0 0 0 0 0 0 0 0 5,765 11,7625 6,7375 4,895 5,685 12,3625 18,075 16,52 8,78 1,8475 7,975 19,655 23,9975 36,6475 38,2925 17,065 0 0 0 9,059999 85,9975 158,5125 188,1325 205,0925 191,77 162,5525 144,865 123,5075 81,355 78,4475
0 0 0 0 0 0 0 0 0 0 0 0 0 0 0 0 0 0 0 0 0 0 0 0 0 0 0 0 0 0 0 0 0 0 0 0 0 0 0 0 0 0 0 0 0 0 0 0 0 11,6475 31,63 39,435 33,69 14,665 0 0 0 0 0 0 0 0 0 0 0 6,0625 29,98 33,18 29,4925 26,355 25,7025 28,1025 34,7 34,0075 25,31 14,0125 8,3325 27,24 31,595 38,7425 35,1325 15,6625 0 0 0 2,6675 58,505 131,645 167,375 189,38 185,7125 155,2325 138,5575 144,2575 120,2075 86,28
0 0 0 0 0 0 0 0 0 0 0 0 0 0 0 0 0 0 0 0 0 0 0 0 0 0 0 0 0 0 0 0 0 0 0 0 0 0 0 0 0 0 0 0 0 0 0 0 0 1,9475 22,165 48,3775 61,055 47,135 9,27 0 0 0 0 0 0 0 0 0 0 6,66 33,625 40,3225 41,145 42,24 40,0725 39,6725 43,085 42,1325 31,255 18,8825 5,005 19,455 23,9425 28,1375 20,7225 4,8225 0 0 0 0 43,995 120,355 156,0475 166,75 163,9275 145,92 136,5975 154,3 140,61 89,9125
0 0 0 0 0 0 0 0 0 0 0 0 0 0 0 0 0 0 0 0 0 0 0 0 0 0 0 0 0 0 0 0 0 0 0 0 0 0 0 0 0 0 0 0 0 0 0 0 0 0 6,035 38,81 67,08 69,1075 35,5 2,73 0 0 0 0 0 0 0 0 0 1,785 19,6075 30,7425 36,945 40,395 41,305 36,1575 30,625 30,8125 25,0325 15,805 3,575 1,7875 5,045 9,33 4,595 0 0 0 0 0 34,055 93,4375 133,7425 148,055 162,0275 160,53 151,5775 153,4225 146,9425 101,105
0 0 0 0 0 0 0 0 0 0 0 0 0 0 0 0 0 0 0 0 0 0 0 0 0 0 0 0 0 0 0 0 0 0 0 0 0 0 0 0 0 0 0 0 0 0 0 0 0 0 0 27,7875 63,8225 86,1425 70,07 27,3775 2,99 0 0 0 0 0 0 0 0 0 2,7425 13,5675 20,4175 20,915 23,4575 16,455 6,275 12,97 8,2725 0 0 0 0 0 0 0 0 0 0 0 21,2325 70,88 117,955 137,4475 155,365 167,89 166,9175 160,0825 158,085 123,1075
0 0 0 0 0 0 0 0 0 0 0 0 0 0 0 0 0 0 0 0 0 0 0 4,1375 21,4175 7,89 0 0 0 0 0 0 0 0 0 0 0 0 0 0 0 0 0 0 0 0 0 0 0 0 0 19,5925 53,145 78,365 78,52 55,1 24,0925 2,0875 0 0 0 0 0 0 0 0 0 1,6075 3,4125 3,1325 3,7525 1,715 0 0 0 0 3,09 17,29 10,645 0 0 0 0 0 0 0 3,1975 54,9775 110,8975 131,3525 147,83 164,0575 172,195 166,8425 166,6775 142,995
0 0 0 0 0 0 0 0 0 0 0 0 0 0 0 0 0 0 0 0 0 0 13,6675 33,1875 34,725 9,719999 0 0 0 0 0 0 0 0 0 0 0 0 0 0 0 0 0 0 0 0 0 0 0 0 0 21,1675 48,095 68,715 77,72 71,6075 47,7875 13,23 0 0 0 0 0 0 0 0 0 0 0 0 0 0 0 0 0 0 5,745 24,3975 19,8275 1,9625 0 0 0 0 0 0 0 41,31 98,2025 123,115 142,59 153,8625 163,8125 168,685 165,4375 149,2925
0 0 0 0 0 0 0 0 0 0 0 0 0 0 0 0 0 0 0 0 0 15,8 39,235 33,925 15,5775 2,985 0 0 0 0 0 0 2,5925 6,42 3,8925 0 0 0 0 0 0 0 0 0 0 0 0 0 0 0 2,67 31,2075 54,8275 71,885 83,2575 82,7775 67,255 36,52 7,0875 0 0 0 0 0 0 0 0 0 0 0 0 0 0 0 0 0 6,5375 11,1225 11,1325 0 0 0 0 0 0 0 0 35,7225 87,555 120,2875 142,8725 149,0725 149,6325 154,5425 157,85 145,01
0 0 0 0 0 0 0 0 0 0 0 0 0 0 0 0 0 0 0 4,7 25,99 53,0125 50,1575 7,8625 0 0 0 0 0 0 0 0 20,22 32,165 23,1275 17,2525 10,1075 7,0925 6,555 4,2225 0 0 0 0 0 0 0 0 0 0 7,4525 44,23 73,6875 81,8925 85,0775 84,1525 74,8725 59,54 29,5825 2,6725 0 0 0 0 0 0 0 0 0 0 0 0 0 0 5,825 21,205 40,405 42,4975 37,94 26,6925 8,297501 2,405 0 0 0 0 6,3725 49,76 97,84 123,465 141,9425 145,765 139,2925 133,77 139,655 146,205
0 0 0 0 0 0 0 0 0 0 0 0 0 0 0 0 0 0 2,7575 32,8675 64,7275 68,69 31,485 0 0 0 0 0 0 0 0 0 23,9975 39,05 37,865 37,07 31,2825 30,8325 30,6875 26,75 22,5175 9,6575 0 0 0 0 0 0 0 0 8,93 54,245 94,025 94,765 76,5525 57,52 73,145 84,2875 66,63 30,8775 5,23 12,225 24,715 25,2925 17,4175 14,795 9,915 1,935 0 5,0025 9,195 16,805 24,31 28,115 31,785 48,46 71,58 83,8125 78,8075 69,535 45,75 28,4475 5,6625 0 0 0 3,2725 53,395 108,315 129,48 144,96 154,75 149,6075 134,5475 124,5325 132,565
0 0 0 0 0 0 0 0 0 0 0 0 0 0 0 0 0 0 19,3875 63,2 80,335 46,2475 4,63 0 0 0 0 0 0 0 0 4,135 20,6025 32,4075 37,025 43,84 41,6675 40,685 44,1025 41,145 37,2675 22,955 3,715 0 0 0 0 0 0 0 21,4375 75,9875 118,085 107,9025 66,2775 23,1875 36,325 72,3575 84,1325 61,54 29,9925 41,4175 58,645 59,595 51,235 39,6225 29,45 18,2625 17,805 22,745 26,2125 35,4025 50,5975 55,8425 58,2175 73,8975 96,3525 110,7275 107,5825 106,645 81,1225 55,4925 19,0425 0 0 0 3,38 40,705 100,04 133,04 148,2775 156,875 156,935 146,0075 117,6025 94,1075
0 0 0 0 0 0 0 0 0 0 0 0 0 0 0 0 0 11,105 44,515 76,3125 74,1325 27,185 0 0 0 0 0 0 0 0 0 4,175 8,7575 11,99 25,7 34,3475 32,4075 30,1475 36,55 36,305 37,3025 20,7725 0 0 0 0 0 0 0 3,0525 39,3225 92,925 123,0475 106,18 65,835 21,2475 2,985 31 63,065 66,6275 54,4625 64,6175 84,025 81,875 67,455 49,76 37,83 31,9175 32,2375 36,5625 37,3175 44,895 62,635 71,13 74,325 89,31 113,35 127,635 125,645 123,4225 95,58 62,55 21,2175 0 0 0 9,752501 39,8675 81,485 127,49 141,015 151,795 164,895 154,435 127,3 83,5425
0 0 0 0 0 0 0 0 0 0 0 0 0 0 0 0 5,0975 39,86 69,79 81,9475 57,23 10,46 0 0 0 0 0 0 0 0 0 0 0 0 17,46 20,95 12,29 21,0325 28,5325 24,47 20,9825 8,8125 0 0 0 0 2,1475 8,825 12,15 11,9275 50,235 102,515 125,8 106,4775 67,33 28,63 0 2,87 24,88 45,3125 58,4125 79,255 93,1 93,9975 77,755 54,235 45,83 43,0025 42,71 46,1325 54,7475 59,1675 58,8425 59,725 64 78,6175 98,2825 110,6 116,1 113,9675 90,3525 47,4025 8,22 0 0 0 11,0425 41,0775 66,1475 111,7525 144,325 169,96 177,2025 156,3125 131,045 101,3775
0 0 0 0 0 0 0 0 0 0 0 0 0 0 0 4,9925 39,1825 72,315 88,295 78,87 40,7425 2,63 0 0 0 0 0 0 0 0 0 0 0 0 11,8825 15,145 15,46 32,8 33,2575 10,055 0 0 0 0 0 2,7425 13,89 18,57 22,18 9,7 39,0925 94,8 123,2775 105,4425 72,49 40,8275 12,7175 0 2,1725 20,2475 41,3275 61,065 75,86 88,49001 77,85249 57,4575 52,9725 53,19 52,27 53,0575 76,0575 83,755 60,565 38,3425 41,265 59,43 75,8125 80,6175 88,14 87,3225 65,6575 29,7825 4,6175 0 0 0 15,18 37,4825 56,57 103,7075 163,4375 186,355 180,8 159,5025 139,2075 121,7325
0 0 0 0 0 0 0 0 0 0 0 0 0 0 0 26,2875 64,9325 93,0075 88,9725 68,2325 24,8025 0 0 0 0 0 0 0 0 0 0 0 0 0 0 0 3,065 28,055 37,84 15,3375 0 0 3,0125 15,0775 15,9875 14,6075 18,1725 17,7075 23,44 22,355 36,2825 79,7425 115,3225 113,405 86,185 61,9425 35,6575 10,1125 0 6,785 30,3525 47,2175 58,3625 63,5625 58,36 50,3125 52,47 58,46 59,12 59,8575 79,4225 74,7525 40,855 11,7175 18,51 37,365 50,3225 55,585 62,155 61,0575 40,4175 19,7875 0 0 0 7,3075 28,855 40,4425 50,795 93,0025 164,8575 196,3775 188,55 172,0375 159,105 150,5675
0 0 0 0 0 0 0 0 0 0 0 0 0 0 9,0225 49,245 84,19 100,585 81,3375 54,8525 11,4975 0 0 0 0 0 0 0 0 0 0 0 0 0 0 0 6,2175 22,735 31,9125 11,4775 0 3,7725 23,14 29,005 31,7775 26,525 23,0475 23,0475 25,425 32,0825 30,8525 63,5 100,2675 113,6075 97,9725 77,48 48,66 30,095 33,1075 44,6525 55,0875 64,4675 63,545 54,44 47,5825 49,435 52,8175 54,605 58,2675 68,455 75,4 61,0475 30,1 2,17 0 7,95 18,385 29,475 33,2625 31,1 17,7325 5,3425 0 0 0 21,825 40,615 49,49 43,885 59,23 136,1075 186,1775 190,8775 182,005 182,79 171,9525
0 0 0 0 0 0 0 0 0 0 0 0 0 0 28,095 77,045 101,3575 105,3275 74,6475 47,3525 9,139999 0 0 0 0 0 0 0 0 0 0 0 0 0 0 11,8675 21,72 28,6675 12,295 1,8725 0 19,97 36,2575 36,9925 38,495 37,9225 33,405 25,3725 24,1825 33,915 30,285 50,1625 80,38499 101,2975 98,11 73,4075 53,135 51,77 75,4425 78,715 71,805 67,465 62,725 60,345 65,3925 74,6125 77,155 68,2675 66,4625 72,025 68,6425 59,54 33,27 5,04 0 0 0 5,525 9,2825 8,865 0 0 0 0 0 23,7725 43,745 46,1925 36,215 22,5225 53,45 100,5 146,255 169,93 184,285 175,64
0 0 0 0 0 0 0 0 0 0 0 0 0 0 34,7625 81,8 109,22 108,8 74,57 43,3325 9,1025 0 0 0 0 0 0 0 0 0 0 0 0 0 0 13,3475 20,06 18,09 5,225 0 0 21,7225 37,9125 43,63 42,7625 43,6425 46,6425 41,32 32,5025 34,4825 42,6625 52,29 68,235 83,4275 87,7275 71,2575 66,0175 74,36 80,34 77,98 81,58 77,69 72,765 72,8475 84,1475 101,5125 101,215 80,605 67,5875 62,095 59,475 55,1175 34,465 9,7725 0 0 0 0 0 0 0 0 0 0 0 11,48 40,3925 38,51 23,8775 3,515 8,585 49,35 106,235 154,09 172,51 177,7075
0 0 0 0 0 0 0 0 0 0 0 0 0 6,545 42,3725 80,0475 104,185 97,035 68,86 38,0375 7,4475 0 0 0 0 0 0 0 0 0 0 5,93 6,27 0 0 0 4,2075 1,8475 0 0 9,8425 20,85 34,1225 45,7675 55,4675 59,865 55,9725 52,085 40,2575 31,185 42,6125 65,8375 73,415 79,9225 84,5425 82,44 85,985 85,145 80,7275 84,1925 87,4125 87,77 86,1375 85,41 99,82 107,9325 105,285 96,125 92,205 89,6 76,9425 65,475 52,5725 40,8475 35,405 32,31 25,16 18,9325 13,58 19,4125 20,655 12,5575 5,705 0 0 6,7625 31,7325 33,8725 13,42 0 2,985 35,66 79,575 130,7425 154,305 171,105
0 3,1125 10,9025 2,885 0 0 0 0 0 0 0 0 0 10,0275 49,7225 80,84 99,895 91,45 72,925 47,61 13,95 0 0 0 0 0 0 0 0 3,27 18,7175 28,34 22,465 5,9675 0 0 0 0 9,737499 3,01 23,2025 26,055 27,8675 39,9125 57,2375 67,13 70,355 57,125 41,79 33,56 39,665 55,1 64,3975 69,585 69,5275 75,3 82,265 85,3575 88,0225 89,7775 82,6825 82,8475 87,635 95,8925 103,7675 107,75 117,545 128,7525 149,7875 161,4225 143,855 119,795 98,5175 83,56 88 92,0775 82,4775 63,92 58,7075 69,5875 65,5925 51,165 33,0675 17,6 0 0 20,3325 24,57 3,92 0 2,73 33,725 80,98 107,58 129,2525 151,11
1,8775 21,81 34,5225 18,4225 2,45 0 0 0 0 0 0 0 0 16,7675 58,465 77,7875 89,0775 89,1425 76,9875 57,7275 22,9325 0 0 0 0 0 2,6525 7,575 8,8825 20,4675 31,28 25,22 8,21 0 0 0 0 6,36 17,7225 6,0575 6,76 9,255 16,4275 36,5625 53,21 59,9175 71,52 62,44 41,545 27,56 35,9525 57,86 73,2725 78,385 72,17751 68,2125 69,955 76,1025 83,7775 81,83 65,65 71,7875 87,8875 101,3625 109,9725 120,2175 125,9275 146,6525 175 194,245 199,15 172,2075 136,7225 125,6525 126,6275 130,055 121,6025 103,945 110,8175 109,6525 99,5875 86,7725 65,4525 46,0475 21,6325 2,4625 0 2,775 0 0 6,045 29,2125 68,4425 109,1325 150,18 182,3375
6,905 31,3625 40,1175 29,885 21,2825 13,3025 2,2125 0 0 0 0 0 0 22,3575 62,6175 72,96 79,825 82,2375 75,6375 57,915 27,925 7,33 6,13 0 0 4,03 23,71 34,2125 32,5775 32,6675 32,9425 7,905 0 0 6,97 25,705 38,845 40,2525 41,865 30,455 24,5475 21,3925 4,83 25,7975 52,7475 57,3225 57,58 49,83 40,8275 20,85 21,2475 46,5275 64,2825 78,625 78,14 65,1175 54,0925 47,04 40,915 39,815 39,5875 58,1825 80,545 91,5675 108,56 122,245 123,5475 141,0425 162,85 187,1425 206,555 186,935 160,8225 158,6875 148,7175 152,275 149,1825 147,2375 150,7725 130,6225 118,9375 106,7425 90,78 73,5625 50,4825 27,29 6,275 0 0 0 15,77 37,855 53,8725 79,83 111,5075 168,9875
22,6575 32,4325 36,33 33,22 36,16 33,385 18,45 4,9225 0 0 0 0 0 27,75 65,195 80,0075 87,6 84,145 77,165 61,335 38,915 28,76 24,4225 19,4 20 33,8425 49,25 55,245 49,2575 46,55 44,0875 14,88 8,2625 25,6925 49,83 73,7175 85,1625 79,1675 78,6275 70,065 64,535 63,4675 40,825 12,975 56,595 63,3425 51,7625 49,9225 43,7125 21,7975 2,6825 20,5975 34,8825 48,9175 48,695 41,9725 43,11 33,755 16,2625 1,9175 10,455 29,3475 44,61 56,2825 76,0675 93,0225 108,99 131,7 148,12 162,2425 181,8025 181,7125 169,505 170,585 165,225 172,1425 172,3475 188,175 179,635 146,7475 134,8925 118,975 103,8275 88,8875 65,8425 46,975 20,05 0 0 14,945 37,43 57,75 68,3425 65,215 64,2225 94,06
32,615 17,3 15,12 26,085 38,295 43,815 40,5125 30,0975 12,2275 0 0 0 0 27,895 66,405 84,3725 90,5075 83,075 74,6175 61,435 46,8275 39,7075 38,08 41,7125 50,165 66,2175 75,58 79,2475 70,0425 63,0525 66,585 52,145 43,3375 64,23 93,0825 108,8 112,2275 101,2825 97,8175 90,6375 94,1775 102,2675 72,6425 22,84 25,625 66,105 56,85 48,195 44,3075 25,11 0 15,4625 26,6775 20,9675 16,635 31,2975 46,7325 43,835 30,4425 18,54 7,425 4,355 6,91 14,805 31,14 54,3 84,32 119,885 135,455 138,2425 155,365 159,1175 152,75 157,4525 159,74 169,63 177,7425 206,7425 200,815 163,1225 148,7725 131,12 109,21 90,595 68,43 52,32 24,4725 0 0 23,825 49,4875 79,3125 97,505 76,1325 53,0775 38,8475
35,62 6,5875 0 11,695 34,63 52,94 57,66 49,06 29,86 4,865 0 0 0 16,5575 57,78 89,6 97,31 102,32 96,7575 76,04 60,84 54,1775 60,6 65,8275 72,80251 84,98 96,7075 103,5925 94,4275 86,185 86,5325 79,785 71,44 88,785 108,5475 119,3275 128,675 118,2125 115,9975 108,015 113,1725 116,81 83,1225 34,86 13,83 53,5825 57,145 43,6825 35,5 21,8425 0 16,6275 32,0425 22,9225 12,6675 27,445 47,51 54,3725 47,3625 43,885 33,205 10,945 0 0 3,2375 24,3925 49,0375 68,9075 90,5625 106,115 127,695 134,1375 128,1675 132,0625 134,7525 147,895 162,6125 195,6 197,3025 168,4075 147,43 127,595 100,6025 84,1375 67,8175 53,175 24,9125 0 0 23,955 48,1525 75,55 96,1225 81,78 61,39 36,2275
34,175 4,9225 0 5,915 35,6575 55,555 56,03 55,425 39,685 6,815 0 0 0 15,2275 56,745 88,0775 93,31 99,2425 107,23 96,45 77,775 70,5375 78,765 79,9875 72,0575 78,94 97,325 109,38 108,1175 106,65 98,2425 87,1025 89,6375 107,265 118,1925 124,7925 133,565 124,745 120,48 106,745 101,38 89,1575 62,4725 27,0625 9,059999 40,4425 49,4375 39,69 29,1425 16,055 0 22,6725 41,53 28,2025 12,995 27,925 46,86 52,8125 48,3025 55,28 48,6375 14,26 0 0 0 2,1825 7,9275 8,2325 21,5375 48,2875 79,815 96,9675 97,8675 104,3275 102,12 119,455 145,815 175,045 170,81 154,965 133,62 110,7125 83,255 72,2825 64,4775 49,4425 21,19 0 12,3775 30,2575 46,0325 64,3025 89,09 102,98 89,605 58,12
35,0875 5,96 0 4,645 34,3 55,0375 57,2525 60,6675 46,485 12,9925 0 0 0 18,03 49,2125 70,615 72,405 75,5825 95,7675 104,5475 90,0025 73,8075 75,85 75,1275 54,5025 67,47 95,7475 108,67 111,25 111,9675 101,23 94,81 101,575 110,1025 114,27 130,06 128,11 99,16 84,01 71,925 53,05 36,585 28,4225 13,8575 2,515 13,035 23,6125 19,245 13,6375 5,2025 0 18,44 33,7625 15,5375 0 21,74 35,565 20,19 21,915 38,0725 39,7875 25,3175 5,435 0 0 0 0 0 0 3,7475 20,28 35,1725 55,695 71,9675 68,8225 87,5925 128,26 151,7 144,755 139,0125 119,5925 97,41 69,11 54,7025 54,95 47,895 27,3475 2,35 13,9075 37,68 49,575 66,915 86,64 96,37 91 72,7125
47,0425 12,12 0 2,0225 28,555 50,92 59,9475 65,6 59,6725 35,5475 5,3175 0 0 10,415 36,84 52,55 61,1925 79,77 95,17751 95,38 82,3175 66,8775 46,8225 34,1125 26,7675 49,1925 86,5025 106,17 108,5425 104,385 94,69 92,0275 95,52 101,16 97,7375 97,535 74,0525 49,2175 42,5225 41,4925 22,2625 2,54 0 0 0 0 0 0 0 0 0 2,585 7,055 1,9275 0 3,3475 15,2925 5,2225 3,3725 8,4375 8,395 7,615 0 0 0 0 0 0 0 0 0 0 12,58 25,505 30,06 52,0125 83,9725 102,3725 117,3925 112,7825 96,6675 81,69 57,515 37,875 38,8075 46,435 36,1575 7,03 0 29,425 52,84 66,13 90,4575 87,9125 75,605 74,5775
59,34 19,1675 0 0 18,25 39,915 55,0075 70,7575 69,53751 55,2325 26,17 0 0 7,985 31,465 42,6225 56,8075 83,2475 98,5775 89,14 78,14 59,43 20,9825 0 2,505 21,225 44,98 68,0075 75,5775 71,355 68,5875 71,4125 78,6475 81,6625 59,3625 33,5725 22,4275 11,4275 24,06 34,35 21,5 6,32 0 0 0 0 0 0 0 0 0 0 0 0 0 0 0 0 0 0 0 0 0 0 0 0 0 0 0 0 0 0 0 0 2,155 13,7975 29,7525 45,2 60,7175 64,485 61,8175 53,98 32,57 17,3575 18,48 28,9075 24,29 2,87 0 14,8575 44,885 61,575 96,29 101,945 79,1725 71,23
56,6475 22,4225 0 0 8,1025 24,915 47,4225 71,99 80,975 68,73 33,3325 2,825 0 5,4 27,3275 44,8625 58,465 74,9625 93,005 90,65 74,4925 47,875 25,1025 16,12 3,62 2,5675 8,4325 22,26 36,305 44,35 55,475 69,6725 81,1975 63,0125 29,3025 18,16 27,8325 29,305 34,3825 33,5275 9 0 0 0 0 0 0 0 0 0 0 0 0 0 0 0 0 0 0 0 0 0 0 0 0 0 0 0 0 0 0 0 0 0 0 0 1,94 7,4375 12,5825 20,5425 19,87 13,6825 3,21 0 0 5,315 2,9225 0 0 2,92 25,885 41,4525 68,1175 91,3125 68,7725 50,655
57,185 32,2575 9,3725 0 0 4,1475 23,3175 61,15 80,5875 69,4625 35,93 11,2325 0 7,84 33,515 51,865 62,86 70,2875 77,14 76,46249 64,0675 46,5925 34,9175 30,8525 26,4925 12,0575 0 0 12,8075 33,635 53,9625 73,405 84,8775 58,2775 35,96 26,6175 29,02 35,825 33,7975 23,5175 2,9175 0 0 0 0 0 0 0 0 0 0 0 0 0 0 0 0 0 0 0 0 0 0 0 0 0 0 0 0 0 0 0 0 0 0 0 0 0 0 0 0 0 0 0 0 0 0 0 0 0 9,125 26,3175 22,7975 47,67 57,4025 45,4225
57,9575 42,275 22,84 9,675 13,28 8,2725 10,9875 37,86 65,99 57,5325 32,4825 16,695 3,0825 9,6675 38,2775 56,3275 71,6075 76,4375 76,0475 72,0525 65,9825 53,3775 41,9675 30,0425 26,68 23,2375 7,25 0 0 11,475 38,7375 62,0325 66,23 55,46 29,1475 20,8725 19,075 7,9575 8,0275 3,0825 0 0 0 0 0 0 0 0 0 0 0 0 0 0 0 0 0 0 0 0 0 0 0 0 0 0 0 0 0 0 0 0 0 0 0 0 0 0 0 0 0 0 0 0 0 0 0 0 0 0 7,3875 22,615 3,4375 23,4125 44,8175 50,8375
57,5125 52,725 46,625 47,5 57,4025 47,5325 43,05 51,2125 71,8075 60,255 36,04 19,8575 7,5025 3,3475 29,3625 56,455 78,3425 86,5225 84,67 73,94 61,75 48,5725 33,1825 10,425 8,955 18,9425 10,175 0 0 0 20,44 36,5075 53,7725 56,1775 43,5075 48,1575 29,3475 0 0 0 0 0 0 0 0 0 0 0 0 0 0 0 0 0 0 0 0 0 0 0 0 0 0 0 0 0 0 0 0 0 0 0 0 0 0 0 0 0 0 0 0 0 0 0 0 0 0 0 0 0 0 3,0075 0 0 15,14 39,745
