rofental/data/rofental/ice_thickness_rofental_50.asc
ncols         644
nrows         451
xllcorner     622802,488
yllcorner     5177999,379
cellsize      50
NODATA_value  -9999
[rows 110 to 164 of 451, columns 192 to 287 of 644]
0 0 0 0 0 0 0 0 0 0 0 0 0 0 0 0 0 0 0 0 0 0 0 0 0 0 0 0 0 0 0 0 0 0 0 0 0 0 0 0 0 0 0 0 0 0 6,24 15,75 28,33 34,22 32,95 25,3 15,22 6,98 0 0 0 7,68 14,25 21,37 18,08 10,83 0 0 0 0 0 0 0 0 0 16,91 29,07 39,79 45,09 49,36 49,21 45,79 34,17 23,43 15,07 15,19 18,45 22,75 29,43 37,12 49,04 61,84 68,63 67,08 56,09 48,14 42,14 36,91 29,86 19,45
0 0 0 0 0 0 0 0 0 0 0 0 0 0 0 0 0 0 0 0 0 0 0 0 0 0 0 0 0 0 0 0 0 0 0 0 0 0 0 0 0 0 0 0 0 0 4,79 12,58 23,78 30,25 31,94 30,25 23,66 14,18 4,67 0 3,18 10,96 23,6 31,34 25,11 12,47 0 0 0 0 0 0 0 0 12,14 23,49 34,45 44,43 51,08 54,07 57,68 57,62 52,17 39,65 29,12 24,76 23,77 24,95 29,27 34,33 41,22 53,44 57,31 57,08 49,19 49,73 50,08 48,24 43,93 35,8
0 0 0 0 0 0 0 0 0 0 0 0 0 0 0 0 0 0 0 0 0 0 0 0 0 0 0 0 0 0 0 0 0 0 0 0 0 0 0 0 0 0 0 0 0 0 0 6,47 15,63 23,89 28,61 31,19 27,66 17,77 6,03 0 0 10,94 22,73 30,57 21,92 10,14 0 0 0 0 0 0 0 11,03 21,46 30,76 37,63 46 52,13 57,32 62,21 62,58 57,87 41,61 30,64 22,55 21,15 20,86 23,01 24,1 26,95 33,71 40,3 45,54 48,52 55,38 58,7 62,59 61,99 60
0 0 0 0 0 0 0 0 0 0 0 0 0 0 0 0 0 0 0 0 0 0 0 0 0 0 0 0 0 0 0 0 0 0 0 0 0 0 0 0 0 0 0 0 0 0 0 0 9,83 17,47 24,32 29,87 29,71 19,98 7,48 0 3,07 11,92 21,99 27,24 18,38 8,32 0 0 0 0 0 0 0 19,5 30,48 37,67 43,54 51,52 57,3 60,53 61,1 56,39 47,45 30,35 18,95 0 0 0 0 0 0 15,08 25,34 35,23 43,3 53,99 62,26 73,29 75,95 77,88
0 0 0 0 0 0 0 0 0 0 0 0 0 0 0 0 0 0 0 0 0 0 0 0 0 0 0 0 0 0 0 0 0 0 0 0 0 0 0 0 0 0 0 0 0 0 0 0 8,33 16,35 25,69 29,1 27,16 16,67 6,09 0 3,73 11,57 18,04 18,21 10,38 3,9 0 0 0 0 0 11,19 19,01 29,94 40,01 46,23 49,35 55,21 56,98 56,7 48,52 37,55 25,39 12,2 0 0 0 0 0 0 0 0 18,06 29,04 40,73 52,27 63,67 75,98 80,92 83,39
0 0 0 0 0 0 0 0 0 0 0 0 0 0 0 0 0 0 0 0 0 0 0 0 0 0 0 0 0 0 0 0 0 0 0 0 0 0 0 0 0 0 0 0 0 0 0 0 7,67 15,39 25,66 24,06 21,11 10,85 4,78 0 3,73 11,48 16,06 14,05 6,3 0 0 0 0 10,06 14,37 22,69 31,57 41,06 47,12 51,36 51,1 51,01 47,36 42,23 30,66 19,55 0 0 0 0 0 0 0 0 0 0 16,41 27,35 37,04 47,17 58,38 70,7 78,42 80,77
0 0 0 0 0 0 0 0 0 0 0 0 0 0 0 0 0 0 0 0 0 0 0 0 0 0 0 0 0 0 0 0 0 0 0 0 0 0 0 0 0 0 0 0 0 0 0 0 11,99 18,22 26,07 23,47 17,9 8,01 0 0 0 6,64 9,16 7,48 0 0 0 0 12,19 18,31 23,94 33,11 41,64 49,43 53,17 53,33 48,39 42,85 35,3 27,54 15,8 0 0 0 0 0 0 0 0 0 0 13,76 20,66 28,91 37,42 46,57 56 64,81 70,55 73,16
0 0 0 0 0 0 0 0 0 0 0 0 0 0 0 0 0 0 0 0 0 0 0 0 0 0 0 0 0 0 0 0 0 0 0 0 0 0 0 0 0 0 0 0 0 0 0 0 11,08 17,96 24,94 22,58 15,12 6,12 0 0 0 3,03 3,75 3,75 0 0 0 12,11 20,72 25,42 30,02 36,34 43,69 49,89 52,56 50,68 44,58 36,42 27,95 18,8 10,4 0 0 0 11,71 19,65 23,54 21,28 18,16 15,48 18,63 23,97 30,87 36,98 41,58 45,93 51,57 58,62 62,52 65,65
0 0 0 0 0 0 0 0 0 0 0 0 0 0 0 0 0 0 0 0 0 0 0 0 0 0 0 0 0 0 0 0 0 0 0 0 0 0 0 0 0 0 0 0 0 0 0 8,41 15,06 21,53 22,39 20,81 11,04 5,49 0 0 0 0 0 0 0 0 0 13,26 24,68 28,59 33,24 33,78 39,35 41,33 40,75 36,99 33,79 30,16 25,61 18,63 11,07 0 0 13,06 25,12 39,54 43,87 42,22 35,07 29,57 30 33,98 39,31 45,12 49,22 50,78 50,85 51,62 51,46 54,09
0 0 0 0 0 0 0 0 0 0 0 0 0 0 0 0 0 0 0 0 0 0 0 0 0 0 0 0 0 0 0 0 0 0 0 0 0 0 0 0 0 0 0 0 0 0 0 9,04 14,6 18,07 15,33 14,33 7,2 4,56 0 0 0 0 0 0 0 0 0 11,57 23,36 26,24 27,49 22,39 23,63 23,45 23,69 23,21 25,3 27,39 27 20,38 11,47 0 0 22,19 38,97 54,44 58,71 54,75 47,39 39,31 39,24 43,51 50,93 54,37 55,95 54,03 52,3 45,47 41,08 41,34
0 0 0 0 0 0 0 0 0 0 0 0 0 0 0 0 0 0 0 0 0 0 0 0 0 0 0 0 0 0 0 0 0 0 0 0 0 0 0 0 0 0 0 0 0 0 0 9,04 12,53 12,65 7,26 8,6 4,83 4,83 0 0 0 0 0 0 0 0 0 0 15,34 17,71 17,94 10,92 10,8 11,22 13,85 18,31 26,08 30,27 28,25 18,13 0 0 10,21 27,46 42,65 56,37 57,06 54,65 47,2 43,98 43,24 46,85 50,3 52,46 57,08 57,9 51,89 35,58 25,63 28,73
0 0 0 0 0 0 0 0 0 0 0 0 0 0 0 0 0 0 0 0 0 0 0 0 0 0 0 0 0 0 0 0 0 0 0 0 0 0 0 0 0 0 0 0 0 0 0 4,71 5,94 0 0 0 0 0 0 0 0 0 0 0 0 0 0 0 0 0 0 0 0 0 0 17,62 24,66 27,29 21,65 12,59 0 0 15,24 28,38 42,86 49,67 48,98 39,67 32,04 29,28 30,83 37,57 44,45 47,86 51,69 51,17 41,96 24,98 16,04 22,65
0 0 0 0 0 0 0 0 0 0 0 0 0 0 0 0 0 0 0 0 0 0 0 0 0 0 0 0 0 0 0 0 0 0 0 0 0 0 0 0 0 0 0 0 0 0 0 0 0 0 0 0 0 0 0 0 3,33 4,13 0 0 0 0 0 0 0 0 0 0 0 0 0 13,25 17,96 17,82 11,12 0 0 0 15,62 25,82 33,9 37,36 31,72 21,4 12,69 13,39 15,06 21,33 25,39 33,83 41,07 43,43 32,03 19,48 16,18 27,45
0 0 0 0 0 0 0 0 0 0 0 0 0 0 0 0 0 0 0 0 0 0 0 0 0 0 0 0 0 0 0 0 0 0 0 0 0 0 0 0 0 0 0 0 0 0 0 0 0 0 0 0 0 3,85 6,75 10,6 12,87 12,66 7,26 0 0 0 0 0 0 0 0 0 0 0 0 0 0 0 0 0 0 0 16,92 22,95 25,82 22,27 17,23 10,08 0 0 0 0 12,88 24,09 33,72 37,91 31,48 28 31,82 41
0 0 0 0 0 0 0 0 0 0 0 0 0 0 0 0 0 0 0 0 0 0 0 0 0 0 0 0 0 0 0 0 0 0 0 0 0 0 0 0 0 0 0 0 0 0 0 0 0 0 0 0 0 6,48 13,3 20,38 23,7 21,3 12,66 4,96 0 0 0 0 0 0 0 0 0 0 0 0 0 0 0 0 0 0 13,25 18,49 18,73 17,02 13,68 12,44 14,63 17,3 16,73 15,45 13,06 21,02 31,32 40,19 41,84 41,8 43,85 45,8
0 0 0 0 0 0 0 0 0 0 0 0 0 0 0 0 0 0 0 0 0 0 0 0 0 0 0 0 0 0 0 0 0 0 0 0 0 0 0 0 0 0 0 0 0 0 0 0 0 0 0 0 3,13 9,57 19,33 25,87 26,98 20,86 11,71 4,16 0 0 0 0 0 0 0 0 0 0 0 0 0 0 0 0 0 10,33 15,61 18,15 16,02 15,58 18,78 22,2 29,14 33,85 33,49 30,81 27,29 34,58 41,22 47,74 50,53 52,5 51,56 47,96
0 0 0 0 0 0 0 0 0 0 0 0 0 0 0 0 0 0 0 0 0 0 0 0 0 0 0 0 0 0 0 0 0 0 0 0 0 0 0 0 0 0 0 0 0 0 0 0 0 0 0 0 0 6,86 16,7 22,86 21,94 13,83 6,63 0 0 0 0 0 0 0 0 0 0 0 0 0 0 0 0 0 0 0 12,59 13,45 12,13 17,43 28,89 37,01 42,3 46,09 47,36 46,36 42,23 44,27 48,74 54,41 58,67 59,04 51,64 39,65
0 0 0 0 0 0 0 0 0 0 0 0 0 0 0 0 0 0 0 0 0 0 0 0 0 0 0 0 0 0 0 0 0 0 0 0 0 0 0 0 0 0 0 0 0 0 0 0 0 0 0 0 0 8,15 16,88 18,78 13,92 5,19 0 0 0 0 0 0 0 0 0 0 0 0 0 0 0 0 0 0 0 0 0 10,86 0 16,38 28,8 40,28 45,62 49,49 50,95 50,48 48,34 50,48 55,56 59,03 60,51 55,91 45,91 32,75
0 0 0 0 0 0 0 0 0 0 0 0 0 0 0 0 0 0 0 0 0 0 0 0 0 0 0 0 0 0 0 0 0 0 0 0 0 0 0 0 0 0 0 0 0 0 0 0 0 0 0 0 0 5,44 12,35 12,82 8,42 0 0 0 0 0 0 0 0 0 0 0 0 3,83 0 0 0 0 0 0 0 0 0 0 0 15,94 27,7 38,13 41,27 44,38 45,33 45,96 44,74 45,74 53,32 57,74 59,22 51,19 39,38 26,13
0 0 0 0 0 0 0 0 0 0 0 0 0 0 0 0 0 0 0 0 0 0 0 0 0 0 0 0 0 0 0 0 0 0 0 0 0 0 0 0 0 0 0 0 0 0 0 0 0 0 0 0 0 4,3 8,22 7,18 3,92 0 0 0 0 0 0 0 0 0 0 0 0 4,01 0 0 0 0 0 0 0 0 0 0 0 12,6 18,44 26,54 31,89 37,81 38,85 40 41,28 44,8 47,65 49,23 48,07 40,2 32,33 24,93
0 0 0 0 0 0 0 0 0 0 0 0 0 0 0 0 0 0 0 0 0 0 0 0 0 0 0 0 0 0 0 0 0 0 0 0 0 0 0 0 0 0 0 0 0 0 0 0 0 0 0 0 0 0 0 0 0 0 0 0 0 0 0 0 0 0 0 0 4,83 6,24 5,28 0 0 0 0 0 0 0 0 0 0 0 0 16,37 22,73 30,35 33,51 36,59 39,06 43,46 45,14 46,61 44,58 39,52 33,62 29,47
0 0 0 0 0 0 0 0 0 0 0 0 0 0 0 0 0 0 0 0 0 0 0 0 0 0 0 0 0 0 0 0 0 0 0 0 0 0 0 0 0 0 0 0 0 0 0 0 0 0 0 0 0 0 0 0 0 0 0 0 0 0 0 0 0 0 0 0 5,03 7,66 9,6 8,44 7,64 5,56 0 0 0 0 0 0 0 0 0 0 16,34 26,13 32,69 38,14 41,97 44,5 43,38 45,22 45,13 40,11 31,79 23,22
0 0 0 0 0 0 0 0 0 0 0 0 0 0 0 0 0 0 0 0 0 0 0 0 0 0 0 0 0 0 0 0 0 0 0 0 0 0 0 0 0 0 0 0 0 0 0 0 0 0 0 0 0 0 0 0 0 0 0 0 0 0 0 0 0 0 0 0 6,18 11,18 16,23 15,69 14,7 11,44 7,69 5,37 3,73 0 0 0 0 0 0 0 11,35 21,37 30,86 38,71 45,16 46,69 46,63 45,64 41,85 33,54 22,46 13,96
0 0 0 0 0 0 0 0 0 0 0 0 0 0 0 0 0 0 0 0 0 0 0 0 0 0 0 0 0 0 0 0 0 0 0 0 0 0 0 0 0 0 0 0 0 0 0 0 0 0 0 0 0 0 0 0 0 0 0 0 0 0 0 0 0 0 0 0 5,69 12,84 20,72 22,71 21,39 18,46 14,41 12,84 9,73 7,19 0 0 0 0 0 0 0 18,81 29,36 37,22 44,21 43,6 42,81 38,14 31,97 21,08 10,59 0
0 0 0 0 0 0 0 0 0 0 0 0 0 0 0 0 0 0 0 0 0 0 0 0 0 0 0 0 0 0 0 0 0 0 0 0 0 0 0 0 0 0 0 0 0 0 0 0 0 0 0 0 0 0 0 0 0 0 0 0 0 0 0 0 0 0 0 0 7,66 15,72 25,07 27,45 27,03 24,23 20,81 19,15 16,1 12,01 6,02 0 0 0 0 0 10,37 22,06 33,72 39,54 44,15 42,05 39,1 28 17,1 0 0 0
0 0 0 0 0 0 0 0 0 0 0 0 0 0 0 0 0 0 0 0 0 0 0 0 0 0 0 0 0 0 0 0 0 0 0 0 0 0 0 0 0 0 0 0 0 0 0 0 0 0 0 0 0 0 0 0 0 0 0 0 0 0 0 0 0 0 0 0 11,4 19,68 29,17 31,06 31,66 28,47 24,85 22,33 20,21 15,35 8,98 0 0 0 0 0 11,71 24,73 38,02 40,96 41,17 36,32 31,82 20,11 0 0 12,42 24,94
0 0 0 0 0 0 0 0 0 0 0 0 0 0 0 0 0 0 0 0 0 0 0 0 0 0 0 0 0 0 0 0 0 0 0 0 0 0 0 0 0 0 0 0 0 0 0 0 0 0 0 0 0 0 0 0 0 0 0 0 0 0 0 0 0 0 0 3,53 15,87 26,67 35,08 35,34 34,85 30,84 26,37 22,81 22,42 18,23 11,47 3,93 0 0 0 0 12,45 26,39 38,25 40,13 39,01 33,9 26,45 13,85 0 0 13,08 28,2
0 0 0 0 0 0 0 0 0 0 0 0 0 0 0 0 0 0 0 0 0 0 0 0 0 0 0 0 0 0 0 0 0 0 0 0 0 0 0 0 0 0 0 0 0 0 0 0 0 0 0 0 0 0 0 0 0 0 0 0 0 0 0 0 0 4,61 5,05 8,5 19,06 31,81 41,16 42,07 38,84 31,96 26,89 24,04 24,69 23,04 14,78 6,43 0 0 0 0 0 17,67 23,57 25,99 26,14 22,19 16,11 0 0 0 7,71 22,9
0 0 0 0 0 0 0 0 0 0 0 0 0 0 0 0 0 0 0 0 0 0 0 0 0 0 0 0 0 0 0 0 0 0 0 0 0 0 0 0 0 0 0 0 0 0 0 0 0 0 0 0 0 0 0 0 0 0 0 0 0 0 0 6,8 11,97 14,63 13,71 15,67 22,86 35,25 45,35 46,96 42,46 33,67 28,19 25,86 25,15 23,34 13,77 6,04 0 0 0 0 0 0 0 11,76 13,04 12,21 0 0 0 0 0 15,81
0 0 0 0 0 0 0 0 0 0 0 0 0 0 0 0 0 0 0 0 0 0 0 0 0 0 0 0 0 0 0 0 0 0 0 0 0 0 0 0 0 0 0 0 0 0 0 0 0 0 0 0 0 0 0 0 0 0 0 0 0 0 0 11,38 21,38 27,04 26,06 25,25 27,99 35,81 46,29 48,98 46,04 35,62 30,29 26,88 23,42 19,24 9,94 4,15 0 0 0 0 0 0 0 0 0 0 0 0 0 0 0 8,93
0 0 0 0 0 0 0 0 0 0 0 0 0 0 0 0 0 0 0 0 0 0 0 0 0 0 0 0 0 0 0 0 0 0 0 0 0 0 0 0 0 0 0 0 0 0 0 0 0 0 0 0 0 0 0 0 0 0 0 0 0 0 3,88 13,71 24,36 30,26 31,19 31,9 34,36 38,19 46,52 47,66 45,66 37,74 33,01 29,24 20,72 12,82 4 0 0 0 0 0 0 10,9 12,97 11,77 7,03 7,02 0 0 0 0 0 0
0 0 0 0 0 0 0 0 0 0 0 0 0 0 0 0 0 0 0 0 0 0 0 0 0 0 0 0 0 0 0 0 0 0 0 0 0 0 0 0 0 0 0 0 0 0 0 0 0 0 0 0 0 0 0 0 0 0 0 0 0 0 0 8,81 17,91 26,23 32,1 36,18 39,15 42,21 47,08 46,33 42,67 38,04 34,83 30,81 18,74 9,39 0 0 0 0 0 0 0 22,54 28,64 27,04 20,85 23,11 23,6 15,78 7,42 0 0 0
0 0 0 0 0 0 0 0 0 0 0 0 0 0 0 0 0 0 0 0 0 0 0 0 0 0 0 0 0 0 0 0 0 0 0 0 0 0 0 0 0 0 0 0 0 0 0 0 0 0 0 0 0 0 0 0 0 0 0 0 0 0 0 4,23 9,54 18,67 29,31 37,71 42,04 44,49 46,83 43,11 38,92 35,72 34,46 29,1 16,71 6,93 0 0 0 0 0 0 14,06 40,68 51,79 49,98 40,54 44,24 45,5 37,11 25,15 15,51 8,4 0
0 0 0 0 0 0 0 0 0 0 0 0 0 0 0 0 0 0 0 0 0 0 0 0 0 0 0 0 0 0 0 0 0 0 0 0 0 0 0 0 0 0 0 0 0 0 0 0 0 0 0 0 0 0 0 0 0 0 0 0 0 0 0 0 7,62 18,36 28,95 36,84 40,5 42,85 41,21 36,45 32,28 30,64 28,52 21,77 11,25 3,72 0 0 0 0 0 0 20,39 47,35 62,18 63,22 58,35 62,13 63,02 58,41 46,39 36,72 22,65 13,33
0 0 0 0 0 0 0 0 0 0 0 0 0 0 0 0 0 0 0 0 0 0 0 0 0 0 0 0 0 0 0 0 0 0 0 0 0 0 0 0 0 0 0 0 0 0 0 0 0 0 0 0 0 0 0 0 0 0 0 0 0 0 0 0 11,23 21,44 28,67 33,28 35,46 35,9 32,86 28,54 26,68 23,59 19,9 11,94 5,51 0 0 0 0 0 0 9,04 28,32 56,68 74,42 78,99 77,07 72,83 71,09 69,1 65,02 57,67 40,56 27,35
0 0 0 0 0 0 0 0 0 0 0 0 0 0 0 0 0 0 0 0 0 0 0 0 0 0 0 0 0 0 0 0 0 0 0 0 0 0 0 0 0 0 0 0 0 0 0 0 0 0 0 0 0 0 0 0 0 0 0 0 0 0 0 5,21 13,81 21,76 24,14 25,54 26,05 26,68 23,44 21,93 19,53 16,41 10,5 4,68 0 0 0 0 0 0 0 16,3 36,25 59,9 76,79 85,65 90,6 79,98 70,56 63,13 63,67 60,78 45,76 34,59
0 0 0 0 0 0 0 0 0 0 0 0 0 0 0 0 0 0 0 0 0 0 0 0 0 0 0 0 0 0 0 0 0 0 0 0 0 0 0 0 0 0 0 0 0 0 0 0 0 0 0 0 0 0 0 0 0 0 0 0 0 0 0 5,98 11,8 15,39 15,69 16,54 17,43 18,14 17,76 18,21 16,03 10,37 4,68 0 0 0 0 0 0 0 0 16,9 33,3 55,45 73,47 87,31 92,74 78,34 59,12 44,69 42,34 41,65 32,93 29,08
0 0 0 0 0 0 0 0 0 0 0 0 0 0 0 0 0 0 0 0 0 0 0 0 0 0 0 0 0 0 0 0 0 0 0 0 0 0 0 0 0 0 0 0 0 0 0 0 0 0 0 0 0 0 0 0 0 0 0 0 0 0 0 3,64 5,59 6,31 7,48 9 10,02 10,95 14,23 15,82 12,55 5,8 0 0 0 0 0 0 0 7,09 11,45 17,55 26,01 43,22 62,2 78,8 83,73 72,85 50,51 32,73 23,05 20,77 15,02 15,06
0 0 0 0 0 0 0 0 0 0 0 0 0 0 0 0 0 0 0 0 0 0 0 0 0 0 0 0 0 0 0 0 0 0 0 0 0 0 0 0 0 0 0 0 0 0 0 0 0 0 0 0 0 0 0 0 0 0 0 0 0 0 0 0 0 0 0 4,43 5,65 5,31 8,68 9,54 7,69 0 0 0 0 0 0 0 8,07 17,2 22,24 18,26 15,63 26,45 46,98 65,54 71,28 66,39 49,81 34,18 18,67 11,37 0 0
0 0 0 0 0 0 0 0 0 0 0 0 0 0 0 0 0 0 0 0 0 0 0 0 0 0 0 8,21 10,07 9,18 10,59 12,33 15,85 16,11 18,01 18,54 23,64 25,65 28,22 22,5 14,87 0 0 0 0 0 0 0 0 0 0 0 0 0 0 0 0 0 0 0 0 0 0 0 0 0 0 0 0 0 3,83 4,12 0 0 0 0 0 0 10,5 17,23 24,8 27,42 26,95 17,21 9,68 14,68 33,98 52,24 62,22 63,31 57,38 46,64 31,89 21,43 13,36 8,21
0 0 0 0 0 0 0 0 0 0 0 0 0 0 0 0 0 0 0 0 0 0 8,87 14,39 21,11 22,13 28,95 31,08 32,18 28,7 28,91 31,14 36,08 40,35 44,69 46,12 54,02 58,93 63,6 55,42 42,96 29,58 19,91 11,43 0 0 0 0 0 0 0 0 0 0 0 0 0 0 0 0 0 0 0 0 0 0 0 0 0 0 0 0 0 0 0 0 0 16,08 32,31 40,98 43,36 38,22 30,31 16,43 0 0 20,14 36,07 51,67 58,95 59,87 53,08 44,44 38 29,58 20,53
0 0 0 0 0 0 0 0 0 0 0 0 0 11,64 22,49 29,54 27,59 23,07 17,51 10,95 0 9,35 23,28 35,32 44,25 48,86 56,92 59,94 60,98 54,44 54,58 57,92 68,11 73,73 81 87,47 96,7 102,31 103,79 95,12 81,45 65,66 53,61 37,49 21,08 8,32 0 0 0 0 0 0 0 0 0 0 0 0 0 0 0 0 0 0 0 0 0 0 0 0 0 0 0 0 0 0 12,37 32,68 56,49 66,51 63,8 50,02 32,38 14,78 0 0 10,97 23,99 38,7 47,86 48,27 46,6 43,01 44,41 40,94 33,93
0 0 0 0 0 0 0 0 0 0 0 7,64 14,31 26,22 43,68 56,97 57,17 49,11 38,22 27,98 21,24 26,66 46,07 61,38 74,15 76,73 85,01 85,64 83,76 78,59 78,93 84,03 94,25 102,94 109,12 117,55 121,87 128,88 124,53 121,33 115,82 110,23 98,05 76,37 52,98 30,8 14,27 0 0 0 0 0 0 0 0 0 0 0 0 0 0 0 0 0 0 0 1,98 1,98 1,98 0 0 0 0 0 0 0 20,11 45,37 72,12 80,96 78,69 65,31 44,01 21,02 0 0 0 12,72 25,15 32,97 32,22 32,59 36,2 43,76 45,19 42,82
0 0 0 0 0 0 0 0 0 0 0 14,36 27,72 44,42 65,99 80,87 83,92 75,77 63,69 51,97 44 52,19 65,58 77,15 90 94,37 103,54 99,2 101,37 100,79 106,1 109,98 120,09 123,91 126,48 136,96 138,85 146,01 135,87 139,58 143 145,78 137,55 115,38 87,56 58,96 34,68 14,93 0 0 0 0 0 0 0 0 0 0 0 0 0 0 0 0 0 2,16 5,32 6,52 4,36 0 0 0 0 0 0 0 21,1 43,99 72,52 84,03 83,74 69,28 46,67 26,5 9,81 0 0 0 13,59 17,42 14,99 16,89 25,42 38,32 45,62 45,89
0 0 0 0 0 0 0 0 0 0 0 20,51 37,78 52,39 71,29 86,36 95,6 89,53 78,94 72,68 68,14 76,2 85,64 91,58 104,19 104,63 114,69 106,23 108,22 109,89 116,55 118,47 124,49 126,09 124,75 132,85 133 142,11 134,55 145,53 158,97 166,19 154,12 130,8 106,29 83,76 56,54 31,59 12,85 0 0 0 0 0 0 0 0 0 0 0 0 0 0 0 0 4,37 7,54 8,73 4,36 0 0 0 0 0 0 0 18,53 38,65 64,35 76 77,17 66,64 48,6 32,83 16,83 0 0 0 0 7,34 7,18 7,22 17,61 30,02 40,92 43,86
0 0 0 0 0 0 0 0 0 0 0 15,45 33,39 51,01 68,52 81,48 93,54 92,67 90,45 91,4 91,39 98,28 97,54 98,96 108,41 110,24 117,51 106,6 108,7 109,12 112,2 109,72 111,14 107,6 104,75 108,99 110,75 117,89 118,25 133,14 147,89 154,63 147,08 133,31 114,15 99,02 80,36 62,59 43,49 21,8 8,52 0 0 0 0 0 0 0 0 0 0 0 0 0 0 5,71 6,89 8,09 2,38 0 0 0 0 0 0 0 16,5 33,67 51,52 62,54 65 61,23 51,17 40,86 26,8 14,92 0 0 0 0 0 0 11,88 21,48 31,49 34,91
0 0 0 0 0 0 0 0 0 0 0 10,22 25,82 43,08 58,25 70,55 80,43 85,41 90,31 100,52 103,18 107,72 102,26 100,05 102,79 105,84 109,77 102,56 99,01 97,36 96,43 92,23 92,55 83,99 78,48 73,01 74,85 81,9 92,89 108,49 124,01 132,12 131,76 128,89 119,58 116,05 108,85 96,39 75,82 46,24 25,04 8,65 0 0 0 0 0 0 0 0 0 0 0 0 0 3,55 3,55 3,55 0 0 0 0 0 0 0 0 13,44 24,89 35,75 47,23 57,86 64,55 59,72 48,82 35,37 24,94 18,1 12,82 9,25 8,87 9,79 8,54 9,01 10,22 16,93 22,65
0 0 0 0 0 0 0 0 0 0 0 0 13,77 28,84 44,74 55,12 67,42 76,59 90,14 98,15 100,62 101,18 96,4 92,9 91,64 92,81 92,04 87,05 78,43 74,23 67,99 62,21 57,89 48,43 43,9 35,77 37,11 42,36 57,27 73,41 89,57 103,4 115,49 127,36 132,31 143,49 142,15 130,32 108,23 80,14 55,85 26,6 9,92 0 0 0 0 0 0 0 0 0 0 0 0 0 0 0 0 0 0 0 0 0 0 0 8,97 15,68 20,92 35,74 53,05 67,62 63,84 53,49 43,68 37,79 33,95 30,68 26,79 26,45 24,35 20,8 15,27 9,63 9,22 10,58
0 0 0 0 0 0 0 0 0 0 0 0 0 15,64 26,33 32,58 45,64 60,76 79,16 83,62 83,8 81,87 81,95 76,27 70,94 66,66 61,16 54,81 45,1 41,67 37,39 32,52 29,26 21,6 17,76 11 11,46 15,26 25,52 38,72 59,13 81,93 106,3 125,38 137,76 156,51 156,01 149,42 125,24 106,38 80,98 50,98 24,57 8,28 0 0 0 0 0 0 0 0 0 0 0 0 0 0 0 0 0 0 9,12 13,01 9 0 0 7,07 12,05 29,89 50,13 67,78 64,63 56,69 51,13 50,7 52,07 52,55 50,65 48,11 44,31 38,1 29,07 16,79 9,15 0
0 0 0 0 0 0 0 0 0 0 0 0 0 0 9,57 15,54 32,81 46,72 60,24 54,71 52,64 48,57 49,45 45,02 40,91 34,81 28,45 22,42 15,08 11,71 7,68 0 0 0 0 0 0 0 0 12,2 27,72 47,67 74,17 102,18 127,58 148,57 151,05 148,34 137,39 124,58 103,73 73,34 45,9 22,5 8,31 0 0 0 0 0 0 0 0 0 0 0 0 0 0 0 0 8,15 18,03 24,73 18,27 8,39 0 0 7,75 25,27 45,54 63,4 63,35 59 57,18 60,45 65,11 68,71 69,96 68,82 64,24 54,36 40,91 26,8 17,27 16,28
0 0 0 0 0 0 0 0 0 0 0 0 0 0 0 0 13,8 23,61 30,06 26,22 24,24 21,75 20,84 16,82 14,72 10,86 0 0 0 0 0 0 0 0 0 0 0 0 0 0 7,71 19,91 41,95 68,29 96,44 113,26 126,41 135,8 141,8 133,78 117,17 93,3 70,97 45,27 25,53 10,31 0 0 0 0 0 0 0 0 0 0 0 0 0 0 0 14,38 27,08 33,48 26,5 14,28 0 0 0 19,41 36,96 54,01 58,29 58,49 58,51 63,77 71,26 76,19 79,91 80,18 75,55 63,61 49,77 38,26 35,31 37,83
0 0 0 0 0 0 0 0 0 0 0 0 0 0 0 0 8,05 10,26 8,83 0 0 0 0 0 0 0 0 0 0 0 0 0 0 0 0 0 0 0 0 0 0 0 11,64 29,19 58,61 78,08 102,94 115,57 134,92 135,58 130,73 113,8 93,26 71,58 50,02 30,22 11,99 0 0 0 0 0 0 0 0 0 0 0 0 0 9,16 23,49 38,7 44,6 36,76 21,7 7,9 0 0 9,36 23,56 41,04 51,49 54,76 54,5 59,43 69,04 76,39 83,4 86,61 81,33 69,16 54,54 52,01 55,59 62,32
0 0 0 0 0 0 0 0 0 0 0 0 0 0 0 0 0 0 0 0 0 0 0 0 0 0 0 0 0 0 0 0 0 0 0 0 0 0 0 0 0 0 0 0 25,19 46,04 75,95 99,31 121,68 132,71 133,3 122,88 110,45 94,28 76,62 51,82 27,26 10,35 0 0 0 0 0 0 0 0 0 0 0 0 11,77 26,1 40,82 47,4 43,51 31,49 15,3 0 0 0 9,71 26,39 39,88 47,15 46,69 50,7 62,46 72,89 83,85 88,65 81,82 70,95 63,02 68,14 75,22 75,04
0 0 0 0 0 0 0 0 0 0 0 0 0 0 0 0 0 0 0 0 0 0 0 0 0 0 0 0 0 0 0 0 0 0 0 0 0 0 0 0 0 0 0 0 8,69 24,65 51,62 78,06 102,07 118,51 126,39 124,4 117,99 107,31 93,78 72,55 47,61 23,17 0 0 0 0 0 0 0 0 0 0 0 0 9,83 22,5 35,85 44,65 44,85 36,77 22,28 9,63 0 0 0 14,93 28,27 35,98 36,39 40,03 53,67 67,09 80,88 84,2 78,39 69,3 69,11 79,04 83,56 78,36
0 0 0 0 0 0 0 0 0 0 0 0 0 0 0 0 0 0 0 0 0 0 0 0 0 0 0 0 0 0 0 0 0 0 0 0 0 0 0 0 0 0 0 0 0 9,07 27,67 53,78 78,99 97,32 109,86 113,04 117,59 112,23 108,47 90,75 71,28 43,15 21,53 0 0 0 0 0 0 0 0 0 0 0 0 16,06 26,63 34,29 35,84 33,8 24,27 13,27 0 0 0 0 15,47 22,43 25,17 29,59 44,72 59,63 75,57 77,54 74,5 68,8 76,26 83,76 84,5 73,06
