rofental/data/rofental/ice_thickness_rofental_100.asc
ncols         322
nrows         225
xllcorner     622802,488
yllcorner     5178049,379
cellsize      100
NODATA_value  -9999
[rows 96 to 143 of 225, columns 96 to 191 of 322]
0 0 0 2,34 20,8475 41,0175 50,0375 59,305 87,61501 134,665 180,8125 221,1475 251,71 272,745 304,6625 327,805 300,975 256,1525 238,555 224,345 240,355 252,0225 226,48 250,98 271,735 232,225 216,5775 184,205 95,2575 16,03 1,9575 15,4325 22,885 30,135 31,475 28,49 15,1125 2,1925 0 0 0 6,9075 2,475 16,3 38,2125 29,1675 3,5075 15,2575 46,985 56,565 50,94 34,5125 12,1825 0 0 0 0 0 0 0 0 0 0 0 0 0 0 0 0 0 0 0 0 0 0 0 0 0 0 0 0 0 0 0 0 0 0 0 0 0 0 0 0 0 0 0
0 1,9175 2,255 17,2475 29,755 44,8725 60,86 85,6075 117,195 158,0975 198,185 227,7825 250,3725 269,4525 275,01 297,435 300,1775 258,2925 237,9025 223,5825 229,3525 247,6275 229,7375 234,9 267,57 247,8775 226,64 168,0775 49,0275 0 0 5,75 9,49 13,55 10,925 9,155 12,4625 7,9275 0 0 11,1025 25,93 7,7425 8,075 36,2475 39,7325 21,49 11,715 37,255 58,4975 62,63 57,8275 42,6925 19,6725 2,855 0 0 0 0 0 0 0 0 0 0 0 0 0 0 0 0 0 0 0 0 0 0 0 0 0 0 0 0 0 0 0 0 0 0 0 0 0 0 0 0 0
11,065 18,605 17,72 28,485 44,0125 58,2825 74,53 97,63 132,65 171,1175 202,1025 227,63 250,445 264,57 260,3425 281,7125 292,8275 260,0575 238,62 224,395 214,8275 231,105 233,7575 208,27 193,535 185,8125 168,535 90,6275 13,21 0 0 1,9525 0 0 0 0 8,385 3,16 2,8625 12,285 29,625 29,03 5,745 2,5275 27,73 34,5725 30,315 30,0425 37,5875 52,78 63,7325 73,1875 72,7325 59,38 31,405 4,0925 0 0 0 0 0 0 0 0 0 0 0 0 0 0 0 0 0 0 0 0 0 0 0 0 0 0 0 0 0 0 0 0 0 0 0 0 0 0 0 0
37,49 43,8 40,8675 46,2525 58,2575 76,965 97,46 117,7925 142,7275 166,4975 193,39 224,49 248,1775 260,7125 250,035 258,2575 280,4825 260,96 240,625 226,7825 212,3825 205,8875 208,0125 187,89 148,82 112,1375 81,7975 41,0375 13,82 10,6425 17,12 17,4175 5,2025 0 0 2,71 8,1625 18,145 27,7875 36,81 41,9075 23,27 0 10,4925 26,32 33,3925 40,77 49,2775 53,31 51,685 58,55 72,3725 86,83 87,7425 64,53 33,3575 4,41 0 0 0 0 0 0 0 0 0 0 0 0 0 0 0 0 0 0 0 0 0 0 0 0 0 0 0 0 0 0 0 0 0 0 0 0 0 0 0
59,9475 67,685 68,42 72,125 83,515 101,9775 122,77 135,1525 146,2275 162,945 189,63 221,7975 245,6425 265,0625 253,225 235,4825 267,16 257,9225 242,6425 230,55 216,795 202,2675 185,505 170,79 155,3425 122,6725 73,92 41,305 34,7625 30,0775 29,305 18,365 2,195 0 3,39 26,3275 41,4525 54,1375 60,8325 58,81 43,7825 17,8425 11,3175 26,4675 28,82 36,935 47,5475 63,01 66,31 48,77 43,805 51,955 74,415 91,695 79,38 58,39 19,3325 0 0 0 0 0 0 0 0 0 0 0 0 0 0 0 0 0 0 0 0 0 0 0 0 0 0 0 0 0 0 0 0 0 0 0 0 0 0 0
77,9975 89,6525 99,7475 95,195 98,9875 109,6325 127,9625 145,04 153,375 167,21 191,225 219,18 245,4575 265,755 269,97 228,43 246,495 253,04 235,2575 226,79 211,9225 183,73 133,2575 114,8375 123,1125 113,8775 70,915 45,0975 40,955 30,875 19,8825 3,475 0 0 25,645 64,03 76,09 82,475 83,3975 72,5125 43,895 16,215 13,745 34,24 41,31 50,1375 46,235 52,6925 58,0525 44,36 30,2925 30,125 44,355 64,4575 75,045 64,1775 36,04 2,9225 0 0 0 0 0 0 0 0 0 0 0 0 0 0 0 0 0 0 0 0 0 0 0 0 0 0 0 0 0 0 0 0 0 0 0 0 0 0
82,4625 107,085 124,25 116,1325 114,0175 117,075 131,3375 153,075 164,7375 173,8425 195,5125 214,7225 241,065 265,255 280,1475 244,555 203,6025 204,23 198,4575 177,7125 158,41 145,16 130,35 121,1475 111,5225 87,715 45,9525 23,83 22,43 12,12 1,9175 0 0 9,355 54,9775 98,3925 113,2725 118,5475 100,3075 66,335 37,0275 11,015 6,8925 36,285 51,84 56,9275 49,3 48,5975 40,8375 24,4575 10,555 7,2775 18,52 37,005 60,535 66,6525 44,24 8,0175 0 0 0 0 0 0 0 0 0 0 0 0 0 0 0 0 0 0 0 0 0 0 0 0 0 0 0 0 0 0 0 0 0 0 0 0 0 0
80,675 106,0675 141,19 140,06 134,345 129,42 135,11 156,56 174,43 179,935 197,3175 216,475 231,8375 254,0175 266,2325 242,4525 194,1575 169,09 162,975 149,56 150,6525 178,6525 194,2725 182,8325 141,2875 66,77 13,345 0 4,7225 0 0 0 3,55 42,315 87,1925 101,8025 102,2725 101,775 83,9625 53,68 28,9325 5,84 2,525 27,955 45,23 41,255 37,525 37,9625 25,7175 5,7325 0 5,0925 6,585 24,595 54,145 64,85 49,54 21,485 0 0 0 0 0 0 0 0 0 0 0 0 0 0 0 0 0 0 0 0 0 0 0 0 0 0 0 0 0 0 0 0 0 0 0 0 0 0
82,7075 98,4575 132,125 160,3975 156,5675 142 142,0375 159,56 181,2575 187,97 197,875 214,2125 229,3325 237,7125 240,0475 225,19 205,605 186,1875 168,0925 156,7025 157,9175 183,0825 193,4075 184,03 128,0975 38,685 0 0 0 0 0 0 30,86 88,4725 114,9875 112,635 104,89 94,38 75,93 60,6525 46,3775 27,825 8,135 15,065 29,1775 33,0625 22,975 11,67 14,8975 17,2325 17,7025 21,1425 22,8175 23,72 38,7825 54,7225 55,28 41,015 14,0675 0 0 0 0 0 0 0 0 0 0 0 0 0 0 0 0 0 0 0 0 0 0 0 0 0 0 0 0 0 0 0 0 0 0 0 0 0
81,96249 100,7525 114,075 138,5775 162,2425 152,16 148,3825 166,0475 190,8725 200,1275 204,67 212,3375 223,075 227,9975 219,3525 212,655 205,985 174,715 143,41 120,075 105,215 118,39 131,1 140,925 94,1025 16,6825 0 0 0 0 0 13,1 56,9475 99,52 116,55 118,5525 116,0975 112,41 102,37 94,4625 81,5925 65,615 39,4875 13,6075 8,8975 18,0875 6,975 0 0 5,5275 7,29 7,8925 6,7125 2,37 12,8525 32,285 44,655 49,35 27,6425 0 0 0 0 0 0 0 0 0 0 0 0 0 0 0 0 0 0 0 0 0 0 0 0 0 0 0 0 0 0 0 0 0 0 0 0 0
84,07 106,625 118,45 123,3125 151,57 165,5025 158,5475 172,415 193,845 207,2425 213,38 219,9375 222,03 209,6675 185,9725 170,1225 166,63 156,6175 134,86 104,395 78,095 65,5725 64,6725 77,89 45,89 3,5475 0 0 0 0 0 27,095 64,0925 90,15 104,4225 109,6425 112,9925 116,29 122,18 118,3025 95,1175 80,08 58,9775 34,1425 10,5575 0 0 0 0 0 0 0 0 0 0 2,985 13,3675 26,4525 16,6775 0 0 0 0 0 0 0 0 0 0 0 0 0 0 0 0 0 0 0 0 0 0 0 0 0 0 0 0 0 0 0 0 0 0 0 0 0
82,6475 99,89999 112,8475 112,66 127,1875 159,405 160,945 170,495 188,2925 197,2875 203,595 213,0275 206,1275 175,64 155,755 147,0925 139,335 133,755 114,83 93,2525 87,655 78,66 62,485 43,3925 16,7175 0 2,1225 9,48 15,815 2,3775 0 26,1475 53,655 74,1175 88,6575 96,1375 102,5475 112,7525 135,4775 135,42 101,855 78,16 62,065 45,875 24,3425 2,9575 0 6,0125 10,5675 5,3925 0 0 0 0 0 0 0 0 0 0 0 0 0 0 0 0 0 0 0 0 0 0 0 0 0 0 0 0 0 0 0 0 0 0 0 0 0 0 0 0 0 0 0 0 0 0
88,1125 94,42 107,57 108,02 108,6225 133,915 141,7775 146,535 175,335 192,65 196,3225 198,56 181,25 155,435 150,15 146,8875 130,695 107,295 86,7275 81,175 89,9475 99,31 83,085 44,065 8,1875 7,96 19,195 27,16 20,9825 1,9075 2,2125 21,0375 36,7775 58,055 75,34 86,065 98,94749 117,5425 133,3425 126,1675 97,585 81,1475 68,0225 49,6825 29,8825 7,6975 3,345 18,7625 29,7875 23,2 11,06 0 0 0 0 0 0 0 0 0 0 0 0 0 0 0 0 0 0 0 0 0 0 0 0 0 0 0 0 0 0 0 0 0 0 0 0 0 0 0 0 0 0 0 0 0
101,4975 108,69 121,4525 131,885 124,475 128,2525 131,1475 132,6 155,9425 186,4775 192,6925 189,6175 167,325 149,985 147,1375 138,1225 122,7975 105,765 95,13 91,0825 86,6 88,5675 85,6425 47,07 6,735 2,82 16,7925 20,6475 4,1225 0 0 3,7425 27,535 55,125 74,3425 94,6875 116,0225 130,0025 124,965 104,8475 90,4575 82,7625 75,6325 59,2575 35,6475 11,695 0 8,639999 19,425 18,1225 15,6275 0 0 0 0 0 0 0 0 0 0 0 0 0 0 0 0 0 0 0 0 0 0 0 0 0 0 0 0 0 0 0 0 0 0 0 0 0 0 0 0 0 0 0 0 0
109,065 121,865 140,1375 162,0575 164,335 169,795 171,3025 153,99 157,03 184,105 185,3875 172,745 150,94 154,42 158,8625 150,9475 141,165 126,3925 107,595 99,115 82,8425 62,2925 50,07 28,56 2,49 0 0 0 0 0 0 0 26,9625 65,34 87,6 110,895 123,415 129,155 122,1325 109,68 95,83 81,5925 73,585 62,1 43,285 18,5 0 0 0 4,1625 9,0525 0 0 1,835 5,06 0 0 0 0 0 0 0 0 0 0 0 0 0 0 0 0 0 0 0 0 0 0 0 0 0 0 0 0 0 0 0 0 0 0 0 0 0 0 0 0 0
111,645 134,23 156,8175 172,09 176,0725 188,655 198,185 180,8075 157,0475 152,865 144,6875 137,72 149,485 176,1525 169,295 158,73 148,51 123,105 94,4 87,41251 72,4425 46,8225 27,45 13,69 1,885 0 0 0 0 0 0 0 20,73 59,625 83,125 100,035 113,3975 120,51 122,6225 118,2125 100,78 84,0125 77,5025 68,1325 53,14 30,6525 6,6825 0 8,9375 21,2375 25,45 14,92 11,7775 14,01 22,18 13,255 3,6025 7,4925 3,3925 0 0 0 0 0 0 0 0 0 0 0 0 0 0 0 0 0 0 0 0 0 0 0 0 0 0 0 0 0 0 0 0 0 0 0 0 0
111 132,87 148,715 158,28 157,86 161,2325 163,565 157,5175 145,2275 125,695 117,235 135,415 166,255 185,585 177,09 157,9825 132,6775 103,3175 81,8325 79,4675 68,4825 50,695 36,31 27,565 16,075 6,6775 14,285 24,715 20,1375 18,43 28,37 24,775 23,27 41,2175 69,5175 98,63 110,62 117,535 120,7325 114,845 98,0975 86,4775 76,6175 67,6275 54,965 38,4575 17,995 0 16,95 35,36 48,8375 33,7425 23,5125 22,7725 28,265 30,585 27,3525 33,0725 23,52 4,9625 0 0 0 0 0 0 0 0 0 0 0 0 0 0 0 0 0 0 0 0 0 0 0 0 0 0 0 0 0 0 0 0 0 0 0 0
106,6175 112,6425 125,8375 132,6575 131,7975 130,8675 121,4525 112,7225 115,135 112,6425 109,155 120,815 144,045 161,28 164,42 132,5925 91,635 77,4875 74,2575 81,8275 75,64 58,3425 48,45 41,8225 32,4125 31,4725 54,2375 68,8075 63,8775 57,51 61,6875 54,14 34,105 35,23 66,8 97,5025 108,52 112,7425 113,47 106,48 93,6625 80,425 69,3475 59,74 50,775 41,815 28,665 9,3725 3,3375 21,0225 41,635 41,675 31,065 30,1875 31,805 35,115 40,0175 42,575 37,4825 19,2075 4,33 0 0 3,9175 0 0 1,6125 2,735 0 0 0 0 0 0 0 0 0 0 0 0 0 0 0 0 0 0 0 0 0 0 0 0 0 0 0 0
132,2025 118,6125 117,695 130,295 134,7125 126,895 115,225 106,8375 108,9725 120,93 123,6025 119,2375 116,2925 119,6425 119,45 90,82 66,385 64,2825 69,67 77,845 76,02 69,4075 60,18 49,305 45,335 50,53 83,18 99,21 93,8725 82,5875 73,11 58,73 34,25 36,4525 63,99 83,755 94,8025 100,3825 107,7775 101,0375 87,2675 75,12 68,5175 64,8725 61,8375 55,115 44,1425 26,1025 3,95 2,0425 11,525 17,1275 20,605 33,6325 38,18 38,5875 38,0125 38,9925 36,965 24,1575 9,065 7,195 10,66 7,2675 0 5,16 16,315 10,195 0 0 0 0 0 0 0 0 0 0 0 0 0 0 0 0 0 0 0 0 0 0 0 0 0 0 0 0
126,6675 139,3075 136,8175 136,9425 144,15 139,355 133,7775 129,6025 127,93 140,785 145,48 139,2175 130,24 117,255 95,53 69,815 63,8475 66,2175 69,2125 76,44 81,29 81,1925 62,7975 63,425 73,885 87,0375 110,2775 123,2225 108,1925 81,7 65,36 48,815 24,9925 29,905 56,175 68,1775 67,6675 78,2425 96,4525 94,4075 88,56 81,185 84,9225 88,4225 86,6525 79,66 68,1225 52,7825 32,395 11,0975 0 0 2,6175 19,08 23,34 27,13 31,6675 33,38 32,59 29,22 23,335 16,59 7,4375 0 1,075 14,8175 23,0075 10,345 0 0 0 0 0 0 0 0 0 0 0 0 0 0 0 0 0 0 0 0 0 0 0 0 0 0 0 0
112,2575 131,3525 141,8425 143,855 156,395 171,0925 177,3775 162,27 142,795 146,725 148,0075 145,36 137,595 120,455 88,9025 73,0825 88,34 95,89 92,8475 91,535 85,4575 73,33 72,2525 115,885 138,515 124,635 116,17 113,135 93,155 75,075 65,855 51,71 27,14 30,945 44,655 51,165 44,335 52,24 79,96 92,4225 94,2525 93,53 99,9725 103,3525 105,8375 103,225 93,95 80,49001 59,6675 32,565 17,37 2,5825 0 0 0 2,02 10,1875 21,1625 23,325 21,5325 19,6875 12,74 0 0 0 14,4775 23,4675 9,2625 0 0 0 0 0 0 0 0 0 0 0 0 0 0 0 0 0 0 0 0 0 0 0 0 0 0 0 0
104,2425 116,7475 125,81 134,34 152,3375 180,0975 190,7175 181,28 158,7975 153,6625 149,855 136,03 125,215 105,3325 82,735 99,81 129,275 122,8125 112,4025 103,0125 89,0425 81,2225 122,4475 168,255 168,0175 136,27 114,2375 114,1 105,31 93,7525 88,16 65,32 31,86 34,8925 39,7375 27,63 18,6875 30,4825 63,5875 89,535 97,67 97,185 102,4575 111,875 119,235 117,045 108,2375 94,0825 69,9175 47,82 44,38 29,0725 11,7325 2,585 0 0 0 4,3425 6,07 4,5975 3,8775 0 0 0 5,51 18,335 13,975 1,665 0 0 0 0 0 0 0 0 0 0 0 0 0 0 0 0 0 0 0 0 0 0 0 0 0 0 0 0
100,1325 117,67 117,7175 119,2875 141,3225 162,76 172,915 179,4825 178,185 168,6075 163,87 150,695 136,13 119,4675 110,095 148,1825 183,31 165,75 141,1475 122,31 100,4075 118,595 176,635 197,695 185,395 148,9425 133,1125 149,88 138,47 122,7675 110,54 81,46 43,5575 27,405 28,73 19,3575 0 11,4775 47,3825 82,5725 93,9225 98,385 105,715 115,1125 123,795 123,4225 118,0775 105,2675 84,5 74,8675 64,015 51,325 41,685 34,68 23,045 8,8075 0 0 0 0 0 0 0 0 5,6325 12,99 3,2825 0 0 0 0 0 0 0 0 0 0 0 0 0 0 0 0 0 0 0 0 0 0 0 0 0 0 0 0 0
96,7625 115,42 120,0675 108,39 127,3625 147,085 153,6475 171,5375 186,33 177,475 168,8125 163,23 157,6125 147,72 142,5175 163,91 187,7175 194,5275 194,4175 161,9975 126,6375 149,3125 195,185 213,4175 197,0575 169,025 157,73 171,07 155,36 139,3175 128,755 103,1 73,425 44,9275 25,3925 10,59 0 2,1625 35,415 73,62 84,435 91,87 102,3775 109,6075 113,38 114,985 120,925 114,15 99,8775 78,4175 62,545 72,905 66,83 58,64 54,615 35,4425 6,6525 0 0 0 0 0 0 0 0 0 0 0 0 0 0 0 0 0 0 0 0 0 0 0 0 0 0 0 0 0 0 0 0 0 0 0 0 0 0 0
83,91 94,3325 97,5375 92,9225 116,595 128,375 131,2525 158,0175 186,6175 182,1175 172,8325 165,9425 161,005 157,685 155,2125 159,2975 172,51 183,5475 195,6925 187,9925 162,8525 153,235 181,3275 199,68 195,12 183,9475 179,485 182,2375 166,6 146,6675 142,575 124,975 99,6225 73,6575 37,4825 6,29 4,7425 5,53 28,6175 60,5725 71,6925 73,7075 81,7275 89,955 90,69 92,755 107,1875 113,7125 96,4975 81,84 68,98 74,9975 69,8925 65,365 62,9475 43,68 24,6975 9,805 7,4575 0 0 0 0 0 0 0 0 0 0 0 0 0 0 0 0 0 0 0 0 0 0 0 0 0 0 0 0 0 0 0 0 0 0 0 0 0
58,675 68,0925 72,155 75,94 99,735 106,88 108,085 118,315 152,7825 176,9975 179,6475 172,6875 168,2025 163,37 150,115 146,445 157,0725 167,9875 178,9375 179,195 143,8675 131,495 149,6 172,8675 192,44 193,7475 184,455 167,1725 150,7775 147,75 152,705 136,395 110,665 79,39 29,4025 9,2675 20,0475 21,8725 31,1025 46,2075 57,5075 57,58 56,0775 59,675 61,605 60,4125 74,11 87,6775 75,6225 75,4475 53,6025 44,7775 43,1525 51,96 60,405 55,34 53,7175 56,275 53,9275 28,5275 3,915 0 0 0 0 0 0 0 0 0 0 0 0 0 0 0 0 0 0 0 0 0 0 0 0 0 0 0 0 0 0 0 0 0 0 0
24,55 41,575 48,445 51,165 67,1775 79,085 79,7325 79,36 82,885 112,3475 154,5925 158,56 156,5325 141,5275 121,0875 124,73 135,7225 147,515 156,36 136,255 102,8025 103,3275 138,3175 167,245 186,4575 191,715 156,2775 130,855 136,5175 154,5175 155,9225 134,805 110,5375 69,8725 19,7875 8,1 26,27 31,0025 41,675 45,06 49,72 51,0275 47,6925 41,8875 37,2 32,78 33,5325 47,5575 44,345 46,8125 34,2475 23,745 15,5 25,98 40,8175 48,28 55,2125 66,8125 59,6525 49,3425 24,1575 0 0 0 0 0 0 0 0 0 0 0 0 0 0 0 0 0 0 0 0 0 0 0 0 0 0 0 0 0 0 0 0 0 0 0
1,8975 8,305 10,515 13,8425 25,885 39,005 42,3625 40,6275 35,5225 36,375 52,2425 63,51 77,2975 85,13499 89,8525 100,515 115,5325 134,295 131,0825 94,1075 78,6375 108,1225 145,53 163,8575 166,1975 149,05 118,835 121,0275 135,095 144,305 140,4975 125,025 104,225 64,255 22,05 2,9175 16,88 22,54 32,8225 40,495 49,3925 52,0675 46,2925 36,62 25,925 12,5625 5,7525 20,7425 28,275 35,89 40,01 39,81 31,59 19,8675 19,87 20,645 22,965 26,95 14,48 17,2375 18,8025 0 0 0 0 0 0 0 0 0 0 0 0 0 0 0 0 0 0 0 0 0 0 0 0 0 0 0 0 0 0 0 0 0 0 0
0 0 0 0 0 4,765 5,9975 5,2625 2,1125 0 2,2325 7,79 24,43 43,57 59,7275 78,635 100,0425 115,805 93,275 70,36 96,105 139,9625 156,74 155,2075 137,245 112,46 114,8525 123,4475 128,6675 134,5925 127,6575 108,495 88,27 60,6525 27,6025 2,2125 0 2,4325 6,83 13,7125 32,9825 47,3825 41,805 29,095 16,6775 2,3025 0 3,14 13,4775 21,3425 19,0575 18,5525 9,5075 2,735 0 0 0 0 0 0 0 0 0 0 0 0 0 0 0 0 0 0 0 0 0 0 0 0 0 0 0 0 0 0 0 0 0 0 0 0 0 0 0 0 0 0
0 0 0 0 0 0 0 0 0 0 0 0 0 7,0825 21,085 48,32 85,7175 96,785 63,4825 66,915 115,53 152,49 155,535 142,43 116,5475 107,2475 115,8025 126,9875 132,47 129,9075 118,3975 94,5025 71,155 48,5725 24,7375 15,2875 16,4875 16,73 9,3 2,1 4,095 20,63 23,25 19,6 8,915 0 0 0 0 0 0 0 0 0 0 0 0 0 0 0 0 0 0 0 0 0 0 0 0 0 0 0 0 0 0 0 0 0 0 0 0 0 0 0 0 0 0 0 0 0 0 0 0 0 0 0
0 0 0 0 0 0 0 0 0 0 0 0 0 0 0 22,1025 71,185 77,09 44,4475 57,7225 98,11 119,555 116,775 109,16 97,7675 99,315 117,8375 138,0625 140,0575 126,26 105,7175 76,3925 50,4075 29,2775 18,115 28,2175 31,055 29,66 25,4075 15,8675 1,79 0 0 0 0 0 0 0 0 0 0 0 0 0 0 0 0 0 0 0 0 0 0 0 0 0 0 0 0 0 0 0 0 0 0 0 0 0 0 0 0 0 0 0 0 0 0 0 0 0 0 0 0 0 0 0
0 0 0 0 0 0 0 0 0 0 0 0 0 0 0 7,9875 37,1325 34,7925 25,785 49,285 87,925 99,75 87,94 83,205 87,9475 104,4625 133,6275 154,2775 146,88 117,4 79,8775 48,115 29,74 11,7 7,3475 23,44 31,405 41,8775 36,3725 17,475 0 0 0 0 0 0 0 0 0 0 0 0 0 0 0 0 0 0 0 0 0 0 0 0 0 0 0 0 0 0 0 0 0 0 0 0 0 0 0 0 0 0 0 0 0 0 0 0 0 0 0 0 0 0 0 0
0 0 0 0 0 0 0 0 0 0 0 0 0 0 0 2,31 16,88 8,5 20,7725 50,32 72,78 77,2175 73,57 84,8125 102,77 123,79 145,395 150,245 134,265 87,5375 47,685 25,785 9,6125 1,8875 6,1375 26,0125 35,7 47,1225 42,1025 29,0875 11,21 0 0 0 0 0 0 0 0 0 0 0 0 0 0 0 0 0 0 0 0 0 0 0 0 0 0 0 0 0 0 0 0 0 0 0 0 0 0 0 0 0 0 0 0 0 0 0 0 0 0 0 0 0 0 0
0 0 0 0 0 0 0 0 0 0 0 0 0 0 0 0 10,6775 4,335 32,2825 60,525 68,5875 74,1725 99,155 130,465 139,85 139,195 135,6925 123,36 90,2 49,9325 27,5875 12,13 6,1825 10,37 14,01 21,7575 27,035 35,0425 41,5175 40,085 29,3875 6,9275 0 0 0 0 0 0 0 0 0 0 0 0 0 0 0 0 0 0 0 0 0 0 0 0 0 0 0 0 0 0 0 0 0 0 0 0 0 0 0 0 0 0 0 0 0 0 0 0 0 0 0 0 0 0
0 0 0 0 0 0 0 0 0 0 0 0 0 0 0 0 4,4 6,6125 43,89 71,9425 79,6 97,5925 132,975 150,65 144,8 131,1 115,4675 93,8375 52,8975 22,1725 13,6325 15,095 12,4875 11,85 12,445 7,375 6,0775 14,93 21,425 21,5575 15,71 2,765 0 0 0 0 0 0 0 0 0 0 0 0 0 0 0 0 0 0 0 0 0 0 0 0 0 0 0 0 0 0 0 0 0 0 0 0 0 0 0 0 0 0 0 0 0 0 0 0 0 0 0 0 0 0
0 0 0 0 0 0 0 0 0 0 0 0 0 0 0 0 0 7,5475 42,695 62,5975 71,8325 95,025 124,4675 130,3825 123,63 113,47 95,17 66,25 29,2725 2,7025 4,4725 13,5825 11,89 16,74 17,5075 8,3175 0 0 0 0 0 0 0 0 0 0 0 0 0 0 0 0 0 0 0 0 0 0 0 0 0 0 0 0 0 0 0 0 0 0 0 0 0 0 0 0 0 0 0 0 0 0 0 0 0 0 0 0 0 0 0 0 0 0 0 0
0 0 0 0 0 0 0 0 0 0 0 0 0 0 0 0 0 2,115 19,05 36,2225 54,7675 79,3875 100,1225 103,905 101,8 95,25 66,7675 31,9425 6,4725 0 0 0 0 5,13 4,8975 0 0 0 0 0 0 0 0 0 0 0 0 0 0 0 0 0 0 0 0 0 0 0 0 0 0 0 0 0 0 0 0 0 0 0 0 0 0 0 0 0 0 0 0 0 0 0 0 0 0 0 0 0 0 0 0 0 0 0 0 0
0 0 0 0 0 0 0 0 0 0 0 0 0 0 0 0 0 0 0 9,97 33,69 57,115 64,9425 60,415 59,65 51,69 26,7575 3,255 0 0 0 0 0 0 0 0 0 0 0 0 0 0 0 0 0 0 0 0 0 0 0 0 0 0 0 0 0 0 0 0 0 0 0 0 0 0 0 0 0 0 0 0 0 0 0 0 0 0 0 0 0 0 0 0 0 0 0 0 0 0 0 0 0 0 0 0
0 0 0 0 0 0 0 0 0 0 0 0 0 0 0 0 0 0 0 0 8,96 28,4825 29,955 21,775 12,5625 6,32 0 3,66 6,895 5,82 0 0 0 0 0 0 0 0 0 0 0 0 0 0 0 0 0 0 0 0 0 0 0 0 0 0 0 0 0 0 0 0 0 0 0 0 0 0 0 0 0 0 0 0 0 0 0 0 0 0 0 0 0 0 0 0 0 0 0 0 0 0 0 0 0 0
0 0 0 0 0 0 0 0 0 0 0 0 0 0 0 0 0 0 0 0 0 6,025 5,5125 0 0 5,3075 16,095 24,945 28,58 22,5475 17,165 15,07 7,86 1,375 0 0 0 0 0 0 0 0 0 0 0 0 0 0 0 0 0 0 0 0 0 0 0 0 0 0 0 0 0 0 0 0 0 0 0 0 0 0 0 0 0 0 0 0 0 0 0 0 0 0 0 0 0 0 0 0 0 0 0 0 0 0
0 0 0 0 0 0 0 0 0 0 0 0 0 0 0 0 0 0 0 0 0 2,0675 13,6675 9,615 0 16,4575 30,515 34,54 36,9125 39,455 36,365 32,4125 21,9175 7,3125 0 0 0 0 0 0 0 0 0 0 0 0 0 0 0 0 0 0 0 0 0 0 0 0 0 0 0 0 0 0 0 0 0 0 0 0 0 0 0 0 0 0 0 0 0 0 0 0 0 0 0 0 0 0 0 0 0 0 0 0 10,6875 5,9375
0 0 0 0 0 0 0 0 0 0 0 0 0 0 0 0 0 0 0 0 0 4,3925 23,78 23,2225 11,1975 13,66 21,7875 24,2 24,6725 33,2425 33,715 31,975 28,24 9,765 0 0 0 0 0 0 0 0 0 0 0 0 0 0 0 0 0 0 0 0 0 0 0 0 0 0 0 0 0 0 0 0 0 0 0 0 0 0 0 0 0 0 0 0 0 0 0 0 0 0 0 0 0 0 0 0 0 0 0 1,9175 24,9525 27,585
0 0 0 0 0 0 0 0 0 0 0 0 0 0 0 0 0 0 0 6,6175 6,1225 10,535 31,04 30,2125 21,605 16,5775 9,4875 5,265 5,295 13,145 13,5675 10,4075 10,0075 2,3225 0 0 0 0 0 0 0 0 0 0 0 0 0 0 0 0 0 0 0 0 0 0 0 0 0 0 0 0 0 0 0 0 0 0 0 0 0 0 0 0 0 0 0 0 0 0 0 0 0 0 0 0 0 0 0 0 0 0 0 4,36 25,44 41,0675
0 0 0 0 0 0 0 0 0 0 0 0 0 0 0 0 0 0 8,844999 25,7125 27,77 28,795 37,1175 34,195 30,325 27,185 15,835 0 0 0 0 0 0 0 0 0 0 0 0 0 0 0 0 0 0 0 3,0725 11,1775 5,1175 0 0 0 0 0 0 0 0 0 0 0 0 0 0 0 0 0 0 0 0 0 0 0 0 0 0 0 0 0 0 0 0 0 0 0 0 0 0 0 0 0 0 0 0 0 10,5425 34,9225
0 0 0 0 0 0 0 0 0 0 0 0 0 0 0 0 0 0 10,0575 22,715 28,5975 33,4975 39,0075 40,4025 39,52 39,22 29,79 12,6825 6,005 6,575 0 0 0 0 0 0 0 0 0 0 0 0 0 0 5,25 13,01 33,255 30,59 16,2875 0 0 0 0 0 0 0 0 0 0 0 0 0 0 0 0 0 0 0 0 0 0 0 0 0 0 0 0 0 0 0 0 0 0 0 0 0 0 0 0 0 0 0 0 0 0 20,905
0 0 0 0 0 0 0 0 0 0 0 0 0 0 0 0 0 0 0 4,69 10,5675 24,025 34,265 38,1175 42,315 48,63 41,6725 29,735 17,3025 11,995 0 0 0 0 0 0 0 0 0 0 0 0 2,87 24,78 44,945 55,0225 52,575 28,3975 10,4925 0 0 0 0 0 0 0 0 0 0 0 0 0 0 0 0 0 0 0 0 0 0 0 0 0 0 0 0 0 0 0 0 0 0 0 0 0 0 0 0 0 0 0 0 0 0 7,4075
0 0 0 0 0 0 0 0 0 0 0 0 0 0 0 0 0 0 0 0 0 9,55 22,13 26,735 36,41 45,8375 39,5225 29,025 7,875 0 0 0 0 0 0 0 0 0 0 0 0 8,315001 33,725 68,625 79,765 65,365 36,08 22,5375 0 0 0 0 0 0 0 0 0 0 0 0 0 0 0 0 0 0 0 0 0 0 0 0 0 0 0 0 0 0 0 0 0 0 0 0 0 0 0 0 0 0 0 0 0 0 0 0
0 0 0 0 0 0 0 0 0 0 0 0 0 0 0 0 0 0 3,7375 1,865 0 0 2,55 10,5775 27,625 38,8325 37,49 34,66 22,0625 2,4775 0 0 0 0 0 0 0 0 0 7,28 25,81 56,6025 89,97 95,06 70,72 32,95 19,525 0 0 0 0 0 0 0 0 0 0 0 0 0 0 0 0 0 0 0 0 0 0 0 0 0 0 0 0 0 0 0 0 0 0 0 0 0 0 0 0 0 0 0 0 0 0 0 0 2,555
