rofental/data/rofental/ice_thickness_rofental_50.asc
ncols         644
nrows         451
xllcorner     622802,488
yllcorner     5177999,379
cellsize      50
NODATA_value  -9999
[rows 275 to 329 of 451, columns 192 to 287 of 644]
0 0 0 0 0 0 0 0 0 0 0 0 0 0 0 0 0 0 0 0 0 0 0 0 0 0 0 0 0 0 0 0 0 0 0 0 0 0 0 0 0 0 0 8,46 21,22 29 29,63 21,05 15 11,42 11,58 12,19 16,28 18,08 20,67 18,71 18,49 22,05 28,11 31,07 32,66 28,65 29,45 28,02 30,49 24,21 14,15 4,06 0 0 0 0 0 0 0 0 0 0 0 0 0 0 0 0 0 0 0 0 0 0 0 0 0 0 0 0
0 0 0 0 0 0 0 0 0 0 0 0 0 0 0 0 0 0 0 0 0 0 0 0 0 0 0 0 0 0 0 0 0 0 0 0 0 0 0 0 0 0 0 11,21 24,5 32,26 32,04 25,27 21,52 16,72 15,29 12,01 12,88 11,42 11,53 9,53 9,43 11,75 16,74 18,48 20,92 17,67 17,87 14,82 16,66 14,11 9,29 0 0 0 0 0 0 0 0 0 0 0 0 0 0 0 0 0 0 0 0 0 0 0 0 0 0 0 0 0
0 0 0 0 0 0 0 0 0 0 0 0 0 0 0 0 0 0 0 0 0 0 0 0 0 0 0 0 0 0 0 0 0 0 0 0 0 0 11,69 14,78 14,88 9,61 10,61 20,32 30,53 36,87 33,96 29,58 25,75 22,43 21,24 17,77 13,65 0 0 0 0 0 8,17 9,19 9,45 6,23 4,9 4,04 5,09 4,17 0 0 0 0 0 0 0 0 0 0 0 0 0 0 0 0 0 0 0 0 0 0 0 0 0 0 0 0 0 0
0 0 0 0 0 0 0 0 0 0 0 0 0 0 0 0 0 0 0 0 0 0 0 0 0 0 0 0 0 0 0 0 0 0 0 0 0 10,32 21,51 25,87 26,77 21,6 21,03 27,02 34,09 38,45 35,98 31,74 29,91 27,65 27,06 22,52 17,43 9,34 0 0 0 0 0 0 0 0 0 0 0 0 0 0 0 0 0 0 0 0 0 0 0 0 0 0 0 0 0 0 0 0 0 0 0 0 0 0 0 0 0 8,74
0 0 0 0 0 0 0 0 0 0 0 0 0 0 0 0 0 0 0 0 0 0 0 0 0 0 0 0 0 0 0 0 0 0 0 0 8,07 16,99 26,56 28,91 31,32 31,39 32,1 35,03 36,59 39,34 35,77 33,29 32,3 31,44 31,36 27,8 22,72 13,85 0 0 0 0 0 0 0 0 0 0 0 0 0 0 0 0 0 0 0 0 0 0 0 0 0 0 0 0 0 0 0 0 0 0 0 0 0 0 0 12,29 17,13 18,84
0 0 0 0 0 0 0 0 0 0 0 0 0 0 0 0 0 0 0 0 0 0 0 0 0 0 0 0 0 0 0 0 0 0 0 0 8,7 18,7 26,43 29,3 31,48 34,21 34,23 35,14 37,47 41,12 40,36 37,89 37,8 37 37,32 33,03 29,59 20,78 13,23 0 0 0 0 0 0 0 0 0 0 0 0 0 0 0 0 0 0 0 0 0 0 0 0 0 0 0 0 0 0 0 0 0 0 0 0 9,52 18,97 27,97 29,82 25,59
0 0 0 0 0 0 0 0 0 0 0 0 0 0 0 0 0 0 0 0 0 0 0 0 0 0 0 0 0 0 0 0 0 0 0 0 0 12,83 16,62 18,51 21,64 27,06 31,11 33,51 37 40,44 42,51 40,85 41,55 41,73 43,88 42,65 38,6 30,19 22,58 14,92 12,2 11,82 14,21 12,09 0 0 0 0 0 0 0 0 0 0 0 0 0 0 0 0 0 0 0 0 0 0 0 0 0 0 0 0 8,4 12,6 16,04 26,48 39,49 46,59 40,63 26,32
0 0 0 0 0 0 0 0 0 0 0 0 0 0 0 0 0 0 0 0 0 0 0 0 0 0 0 0 0 0 0 0 0 0 0 0 0 0 8,23 10,53 13,76 19,04 25,16 28,77 34,98 37,9 41,69 39,92 42,23 44,68 48,43 47,49 43,61 37,32 31,08 25 19,43 17,01 15,88 12,89 0 0 0 0 0 0 0 0 0 0 0 0 0 0 0 0 0 0 0 0 0 0 0 0 0 0 10,17 19,53 27,97 34,31 39,27 47,89 53,7 50,96 37,02 22,78
0 0 0 0 0 0 0 0 0 0 0 0 0 0 0 0 0 0 0 0 0 0 0 0 0 0 0 0 0 0 0 0 0 0 0 0 0 0 0 0 0 9,47 17,69 24,48 31,05 33,13 35,61 35,25 38,92 43,43 48,88 49,72 45,87 39,89 34,87 27,99 19,89 12,88 10,51 8,7 0 0 0 0 0 0 0 0 0 0 0 0 0 0 0 0 0 0 0 0 0 0 0 0 0 11,48 27,21 42,21 54,33 63,17 66,2 66,73 58,93 46,71 30,48 23,31
0 0 0 0 0 0 0 0 0 0 0 0 0 0 0 0 0 0 0 0 0 0 0 0 0 0 0 0 0 0 0 0 0 0 0 0 0 0 0 0 0 0 10,48 17,87 24,74 27,97 28,71 30,34 34,07 40,67 45,81 47,3 43,3 38,1 32,41 25,24 14,52 0 0 0 0 0 0 0 0 0 0 0 0 0 0 0 0 0 0 0 0 0 0 0 0 0 0 0 14,23 29,34 50,36 67,99 76,35 77,07 75,27 67 49,52 31,39 20,15 21,9
0 0 0 0 0 0 0 0 0 0 0 0 0 0 0 0 0 0 0 0 0 0 0 0 0 0 0 0 0 0 0 0 0 0 0 0 0 0 0 0 0 0 0 9,85 15,97 19,84 22,24 25,65 31,21 39,69 44,94 45,3 40,92 35,77 33,26 25,19 16,98 0 0 0 0 0 0 0 0 0 0 0 0 0 0 0 0 0 0 0 0 0 0 0 0 0 9,98 23,28 37,47 53,86 70,92 85,23 86,69 78,95 66,84 52,35 37,12 26,29 23,68 24,42
0 0 0 0 0 0 0 0 0 0 0 0 0 0 0 0 0 0 0 0 0 0 0 0 0 0 0 0 0 0 0 0 0 0 0 0 0 0 0 0 0 0 0 0 0 10,2 14,16 18,45 26,52 36,04 41,66 40,1 38,4 36,57 36,37 30,07 24,22 13,62 0 0 0 0 0 0 0 0 0 0 0 0 0 0 0 0 0 0 0 0 0 0 7,84 16,17 30,27 50,65 69,35 82,11 89,13 95,02 86,5 67,71 45,78 31,07 26,71 26,41 0 0
0 0 0 0 0 0 0 0 0 0 0 0 0 0 0 0 0 0 0 0 0 0 0 0 0 0 0 0 0 0 0 0 0 0 0 0 7,52 7,43 7,46 0 0 0 0 0 0 0 0 9,7 18,8 29,14 37,3 36,27 37,48 37,51 38,87 33,33 31,06 19,35 9,91 0 0 0 0 0 0 0 0 0 0 0 0 0 0 0 0 0 0 0 9,66 19,46 33,06 46,17 62,46 83,03 101,17 107,25 102,6 93,49 76,08 52,59 31,36 23,59 24,98 0 0 0
0 0 0 0 0 0 0 0 0 0 0 0 0 0 0 0 0 0 0 0 0 0 0 0 0 0 0 0 0 0 0 0 0 0 8,51 10,91 12,97 13,87 13,5 10,6 7,74 0 0 0 0 0 0 0 9,28 16,68 25,4 29,24 34,51 36,32 34,39 26,88 24,65 16,1 9,73 0 0 0 0 0 0 0 0 0 0 0 0 0 0 0 0 0 9,84 19,92 31,61 50,02 70,83 85,5 96,47 107,48 119,63 118,22 103,34 80,75 56,14 35,73 24,3 22,82 0 0 0 0
0 0 0 0 0 0 0 0 0 0 0 0 0 0 0 0 0 0 0 0 0 0 0 0 0 0 0 0 0 0 0 0 0 0 9,63 13,14 14,95 16,03 17,1 16,74 14,16 8,9 0 0 0 0 0 0 0 0 14,01 19,04 21,96 23,98 20,47 14,8 12,92 8,58 0 0 0 0 0 0 0 0 0 0 0 0 0 0 0 7,29 14,77 24,55 34,81 49,01 65,33 85,45 106,71 120,84 126,61 124,29 122,69 112,24 90,17 60,3 37,75 27,82 25,54 0 0 0 0 0
0 0 0 0 0 0 0 0 0 0 0 0 0 0 0 0 0 0 0 0 0 0 0 0 0 0 0 0 0 0 0 0 0 0 0 8,19 11,36 13,73 18,71 22,25 23,03 17,42 9,68 0 0 0 0 0 0 0 0 8,3 10,56 11,98 9,48 0 0 0 0 0 0 0 0 0 0 0 0 0 0 0 0 0 12,1 25,39 37,75 54,6 68 85,24 97,88 112,63 127,19 139,32 138,9 125,64 106,93 85,43 60,53 37,82 26,38 24,79 0 0 0 0 0 0
0 0 0 0 0 0 0 0 0 0 0 0 0 0 0 0 0 0 0 0 0 0 0 0 0 0 0 0 0 0 0 0 0 0 0 0 0 8,05 16,23 23,27 28,45 24,47 17,7 9,78 0 0 0 0 0 0 0 0 0 0 0 0 0 0 0 0 0 0 0 0 0 0 0 0 0 0 10,44 20,93 35,36 54,88 71,07 85,85 98,91 113,3 125,06 131,97 138,21 145,76 139,68 116,77 83,43 55,56 36,94 24,96 21,31 0 0 0 0 0 0 0
0 0 0 0 0 0 0 0 0 0 0 0 0 0 0 0 0 0 0 0 0 0 0 0 7,06 0 0 0 0 0 7 9,65 12,56 11,63 10,3 0 0 0 13,65 24,96 32,14 32,74 27,36 19,88 12,13 0 0 0 0 0 0 0 0 0 0 0 0 0 0 0 0 0 0 0 0 0 0 0 0 15,23 27,11 43,18 60,7 81,14 94,93 107,38 117,9 129,48 138,48 140,24 139,6 136,41 122,39 92,81 56,08 32,68 22,7 19,46 0 0 0 0 0 0 0 0
0 0 0 0 0 0 0 0 0 0 0 0 0 0 0 0 0 0 0 0 0 0 0 11,67 16,01 14,84 10,92 0 0 0 15,72 25,08 32,01 30,29 25,54 17,62 14,74 14,25 17,36 26,78 35,98 42,44 39,03 33,33 24,92 18,94 13,56 11,27 0 0 0 0 0 0 0 0 0 0 0 0 0 0 0 0 0 0 0 8,4 19,46 33,62 47,18 63,47 80,24 97,58 112,96 124,39 136,7 141,43 143,5 137,71 133,99 125,38 103,31 68,08 36,55 24,49 21,17 0 0 0 0 0 0 0 0 0
0 0 0 0 0 0 0 0 0 0 0 0 0 0 0 0 0 0 0 0 0 0 9,04 17,61 24,39 23,62 20,02 16,45 14,68 18,53 30,51 45,45 55,65 53,98 46,24 35,92 33,43 29,56 26,59 33,05 43,37 54,65 50,91 46,04 39,4 36,93 33,35 31,3 23,5 16,2 9,48 0 0 0 0 0 0 0 0 0 0 0 0 0 0 0 8,16 21,21 37,94 53,53 65,39 77,22 90,63 106,33 122,78 138,7 149,6 149,56 139,25 127,67 118,31 103,68 75,29 44,52 24,65 22,04 0 0 0 0 0 0 0 0 0 0
0 0 0 0 0 0 0 0 0 0 0 0 0 0 0 0 0 0 0 0 0 0 10,03 20,83 28,6 30,65 28,51 28,37 29,92 35,23 47,48 61,87 72,13 69,46 62,27 52,9 54,23 48,02 41,67 42,27 52,26 63,82 61,02 57,32 52,5 54,7 55,18 56,87 47,55 37,98 27,51 18,75 11,57 0 0 0 0 0 0 0 0 0 0 0 0 8,66 22,2 40,86 60,12 74,01 82,12 90,25 101,25 115,32 130,22 143,37 152,6 148,84 132,9 113,02 95,02 76,25 48,97 29,67 18,88 0 0 0 0 0 0 0 0 0 0 0
0 0 0 0 0 0 0 0 0 0 0 0 0 0 0 0 0 0 0 0 0 0 8,95 20,19 28,56 35,3 36,23 40,46 45,89 51,63 62,58 72,49 82,37 79,58 74,32 65,9 68,08 63,89 57,1 55,05 60,94 70,12 68,37 66,83 63,21 65,01 67,34 73,06 68,83 62,32 52,25 41,23 28,6 17,55 11,33 7,72 0 0 0 0 0 0 0 0 14,23 27,48 44,66 63,65 81,32 93,34 100,51 105,93 114,57 126,51 136,56 141,53 143,35 137,33 121,88 96,88 69,21 44,98 26,33 17,57 0 0 0 0 0 0 0 0 0 0 0 0
0 0 0 0 0 0 0 0 0 0 0 0 0 0 0 0 0 0 0 0 0 0 0 13,7 24,01 35,6 43,07 49,71 58,35 64,63 73,05 78,43 87,22 86,93 82,78 74,57 75,86 73,99 67,36 63,62 66,14 74,23 74 74,78 72,55 73,98 75,87 82,04 80,1 77,52 69,79 60,29 45,17 32,3 24,07 19,62 15,4 10,78 0 0 0 0 9,87 22,77 38,59 56,68 72,74 88,72 102,31 112,38 118,1 122,35 128,7 136,4 140,23 134,61 130,04 119,05 104,57 72,71 43,74 22,69 14,39 10,81 0 0 0 0 0 0 0 0 0 0 0 0
0 0 0 0 0 0 0 0 0 0 0 0 0 0 0 0 0 0 0 0 0 0 0 9,11 22,2 35,49 47,7 53,66 63,67 68,89 76,47 81,01 89,71 91,84 87,86 79,75 79,3 78,1 72,71 67,35 66,69 73,18 73,91 75,73 74,67 75,44 78,32 84,51 85,43 81,06 71,42 62,2 51,13 43,46 37,35 34,57 29,72 24,03 16,97 12,43 12,13 18,6 30,79 49,8 68,3 86,16 99,35 111,25 120,89 128,07 132,88 135,75 139,77 142,18 139,78 127,58 114,2 96,83 77,81 48,64 25,62 11,75 8,6 0 0 0 0 0 0 0 0 0 0 0 0 0
0 0 0 0 0 0 0 0 0 0 0 0 0 0 0 0 0 0 0 0 8,5 0 0 8,39 22,1 34,67 49,25 53,99 62,48 66,35 72,59 78,21 87,18 91,08 88,99 81,21 78,41 76,76 74,98 68,95 64,68 66,26 66,96 67,56 67,15 69,17 74,47 77,76 74,87 66,73 57,27 51,48 44,8 41,99 40,47 42,34 42,65 40,11 35,17 31,39 33,47 44,05 59,28 78,35 94,92 109,88 120,73 129,55 135,88 139,89 143 143,71 145,09 142,83 135,24 116,67 95,13 72,51 53,02 29,58 14,24 0 0 0 0 0 0 0 0 0 0 0 0 0 0 0
0 0 0 0 0 0 0 0 0 0 0 0 0 0 0 0 0 0 0 8,77 12,89 11,35 14,68 17,05 25,85 35,58 46,58 52,18 57,09 59,16 64,03 67,93 77,19 82,74 85,5 79,27 73,55 70,51 70,1 66,86 60,02 56,32 53,85 52,5 52,36 55,52 63,39 65,26 59,15 47,5 38,09 34,23 31,55 32,75 36,11 43,97 52,21 54,98 56,41 56,85 64,19 74,13 86,92 100,09 113,39 125,69 136,71 143,68 147,34 147,9 148,66 146,62 144,51 136,61 123,33 100,35 75,54 50,49 31,34 14,63 0 0 0 0 0 0 0 0 0 0 0 0 0 0 0 0
0 0 0 0 0 0 0 0 0 0 0 0 0 0 0 0 0 0 0 8,4 16,01 18,33 24,95 27,16 31,62 36,9 44,17 49,1 52,53 52,93 54,47 57,25 63,49 68,51 71,71 69,46 65,01 63,2 61,87 60,54 54,27 48 43,03 38,51 38,64 43,44 51,05 49,09 36,34 24,32 18,42 17,96 15,63 16,38 24,41 39,92 58,58 69,62 77,03 82,5 92,09 101,23 109,17 117,84 127,71 139,27 149,4 155,55 155,65 153,13 151,68 146,29 139 123,2 106,32 79,06 54,79 30,76 17,92 7,22 0 0 0 0 0 0 0 0 0 0 0 0 0 0 0 0
0 0 0 0 0 0 0 0 0 0 0 0 0 0 0 0 0 0 0 0 16,11 23,8 31,45 34,89 36,58 38,51 41,25 44,38 47,99 46,8 44,93 43,8 46,81 51,91 55,91 55,94 53,07 52,74 51,02 50,54 46,14 40,92 34,31 27,8 26,24 30,02 36,09 32,9 21,7 11,21 7,13 0 0 0 15,6 40,32 69,26 89,85 98,53 104,57 113,92 121,75 128,87 134,17 141,34 150,03 159,32 162,62 159,66 154,84 152,21 142,98 128,07 106,6 82,82 54,72 31,33 14,52 0 0 0 0 0 0 0 0 0 0 0 0 0 0 0 0 0 0
0 0 0 0 0 0 0 0 0 0 0 0 0 0 0 0 0 0 0 8,69 20,08 31,78 38,68 41,78 43,49 44,42 48,02 45,57 44,5 37,47 35,03 33,82 32,63 32,43 31,42 34,37 37,26 41,61 40,68 38,96 36,2 32,74 27,69 20,03 16,74 16,98 20,6 16,99 9,76 0 0 0 0 0 11,23 39,54 74,64 103,07 115,34 122,76 128,42 134,32 141,84 148,09 154,48 158,67 160,29 159,9 155,13 153,19 148,09 135,52 111,59 82,34 54,61 29,26 11,73 0 0 0 0 0 0 0 0 0 0 0 0 0 0 0 0 0 0 0
0 0 0 0 0 0 0 0 0 0 0 0 0 0 0 0 0 0 0 13,08 24,79 37,67 43,35 42,84 45,08 47,06 54,49 51,53 48,67 40,47 36,01 30,6 25,7 21,18 17,39 17,71 21,44 27,49 29,42 27,35 24,41 20,92 17,11 11,11 7,48 0 7,58 0 0 0 0 0 0 0 13,79 47,33 85,88 116,42 129,47 139,53 143,22 145,37 148,85 155,58 159,95 159,96 153,82 150,98 145,96 146,1 134,5 115,88 83,36 54,02 26,92 10,67 0 0 0 0 0 0 0 0 0 0 0 0 0 0 0 0 0 0 0 0
0 0 0 0 0 0 0 0 0 0 0 0 0 0 0 0 0 0 10,01 19,35 29,71 38,67 43,53 43,42 48,01 51,42 59,63 57,61 50,38 39,32 33,37 30,27 25,83 19,16 12,52 9,92 11,85 15,71 16,55 14,48 12,04 9,85 7,74 0 0 0 0 0 0 0 0 0 0 0 21,4 55,45 94,04 124,28 141,55 155,82 160,42 163,49 160,21 158,84 154,75 151,55 146,16 143,25 137,11 129,79 106,43 80,31 47,59 24,24 7,61 0 0 0 0 0 0 0 0 0 0 0 0 0 0 0 0 0 0 0 0 0
0 0 0 0 0 0 0 0 0 0 0 0 0 0 0 0 0 11,21 17,44 23,75 30,87 34,79 36,09 36,39 45,03 50,12 56,01 55,77 52,83 45,25 36,86 31,46 25,77 18,97 12,45 0 0 0 7,06 0 0 0 0 0 0 0 0 0 0 0 0 0 0 9,19 33,18 72,27 108,49 137,81 156,46 175,2 182,57 185,12 173,04 159,37 144,59 138,12 138,92 136,24 123,71 101,04 68,46 41,08 16,85 0 0 0 0 0 0 0 0 0 0 0 0 0 0 0 0 0 0 0 0 0 0 0
0 0 0 0 0 0 0 0 0 0 0 0 0 0 0 0 9,23 18,39 25,92 28,61 30,13 27,15 24,11 27,54 38,49 47,21 50,14 49,3 45,88 36,39 27,2 21,34 18,26 13,87 9,81 0 0 0 0 0 0 0 0 0 0 0 0 0 0 0 0 0 0 19,52 47,83 84,45 115,02 144,81 168,09 189,51 201,99 204,69 188,33 159,99 137,01 127,03 128,63 119,12 96,42 63,27 32,25 12,36 0 0 0 0 0 0 0 0 0 0 0 0 0 0 0 4,74 7,86 7,02 3,64 0 0 0 0 0
0 0 0 0 0 0 0 0 0 0 0 0 0 0 0 0 14,62 27,52 33,27 32,33 26,89 19,65 14,61 17,91 27,65 38,77 42,63 43,34 39,08 29,83 19,62 11,62 7,66 0 0 0 0 0 0 0 0 0 0 0 0 0 0 0 0 0 0 0 7,68 31,14 62,54 95,67 120,01 146,04 169,16 195,52 213,17 215,48 194,76 160,76 134,23 118,11 109,47 90,13 60,6 30,46 10,09 0 0 0 0 0 0 0 0 0 0 0 0 0 0 0 6,51 11,82 17,91 14,23 8,22 0 0 0 0 0
0 0 0 0 0 0 0 0 0 0 0 0 0 0 0 11,41 23,95 37,28 38,06 33,12 23,85 13,18 7,46 12,49 22,85 35,08 38,51 36,96 28,32 17,14 7,74 0 0 0 0 0 0 0 0 0 0 0 0 0 0 0 0 0 0 0 0 0 19,73 46,87 77,66 103,99 125,18 147,6 168,42 192,54 209,26 214,48 194,97 161,75 129,06 106,43 86,3 59,48 30,59 10,02 0 0 0 0 0 0 0 0 0 0 0 0 0 0 0 4,28 12,51 20,19 26,94 20,89 11,57 4,67 0 0 0 0
0 0 0 0 0 0 0 0 0 0 0 0 0 0 0 12,08 26,3 39,89 37,76 28,48 16,82 7,12 0 11,13 21,3 31,54 31,92 26,96 15,93 0 0 0 0 0 0 0 0 0 0 0 0 0 0 0 0 0 0 0 0 0 0 14,85 38,16 66,33 93,04 114,62 133,79 152,25 169,24 189,47 201,45 205,5 188,91 159,97 124,92 92,43 64,56 36,21 14,41 0 0 0 0 0 0 0 0 0 0 0 0 0 0 0 0 7,55 17,32 23,8 28,26 20,85 11,62 4,33 0 0 0 0
0 0 0 0 0 0 0 0 0 0 0 0 0 0 0 9,29 21,68 32,87 31,9 23,12 12,71 0 0 8,37 17,76 25 22,7 15,08 9,26 0 0 0 0 0 0 0 0 0 0 0 0 0 0 0 0 0 0 0 0 0 9,61 31,44 61,68 88,27 108,26 125,76 142,64 159,61 175,55 191,15 196,48 195,44 182,59 156,95 119,43 78,85 45,81 21,11 0 0 0 0 0 0 0 0 0 0 0 0 0 0 0 0 0 9,4 19,37 26,82 28,21 20,33 10,03 0 0 0 0 0
0 0 0 0 0 0 0 0 0 0 0 0 0 0 0 8,79 23,33 32,53 33,19 23,74 14,39 7,82 0 0 9,05 12,1 9,65 0 8,27 8,78 7,59 0 0 0 0 0 0 0 0 0 0 0 0 0 0 0 0 0 0 0 18,6 47,94 82,31 108,72 127,76 144,59 157,45 169,98 182,13 195,6 199,85 194,09 181,41 150,85 112,95 66,21 33,09 11,2 0 0 0 0 0 6,85 12,83 15,83 11,87 0 0 0 0 0 0 0 4,19 12,29 22,63 29 26,98 17,85 7,29 0 0 0 0 0
0 0 0 0 0 0 0 0 0 0 0 0 0 0 0 14,68 31,33 38,14 38,31 30,56 21,89 15,55 8,06 0 0 0 7,1 12,23 19,29 18,33 12,31 0 0 0 0 0 0 0 0 0 0 0 0 0 0 0 0 0 0 0 29,02 63,59 98,63 124,5 144,15 162,12 175,71 187,8 195,73 203,28 203,8 198 179,33 142,43 95,31 49,65 19,72 0 0 0 0 0 0 14,6 20,97 22,69 18,72 11,65 0 0 0 0 0 0 9,47 20,75 29,13 31,49 24,14 14,75 5,27 0 0 0 0 0
0 0 0 0 0 0 0 0 0 0 0 0 0 0 8,76 23,48 46,43 53,7 51,44 40,54 31,48 24,28 16,34 12,86 9,93 8,87 17,26 24,88 31,91 24,86 16,61 0 0 0 0 0 0 7,57 9,34 0 0 0 0 0 0 0 0 0 0 14,59 42,01 78,55 111,37 136,87 158,06 177,38 192,22 205,34 210,3 212,73 209,37 198,63 170,71 127,09 75,88 35,34 9,86 0 0 0 0 0 6,41 16,65 25,29 28,63 26,17 16,91 10,48 0 0 0 0 5,67 14,61 25,12 33,04 33,56 26,1 16,18 6,72 0 0 0 0 0
0 0 0 0 0 0 0 0 0 0 0 0 0 0 16,14 31,36 50,53 58,09 57 49,18 37,96 31,07 24,89 23,62 20,44 21,9 30,12 37,15 37,27 28,32 19,61 11,24 0 0 0 0 0 9,17 14,3 14,19 12,54 0 0 0 0 0 0 0 0 26,06 58,8 94,35 123,33 145,64 165,62 184,44 202,07 218 224,09 222,61 211,83 190,65 152,91 104,04 53,28 19,54 0 0 0 0 0 0 13,6 28,24 34,75 34,74 28,74 22,25 15,34 7,64 0 0 0 7,18 15,93 24,25 29,19 28,28 22,4 13,94 6,12 0 0 0 0 0
0 0 0 0 0 0 0 0 0 0 0 0 11,7 18,67 27,9 42,22 55,3 59,46 59,03 52,96 42,33 33,93 29,78 30,45 28,55 32,39 37,91 42,22 37,49 30,99 24,36 17,66 12,72 7,9 0 0 7,74 11,1 19,37 23,79 22,26 12,59 0 0 0 0 0 0 16,13 45,05 80,42 111,29 132,84 151,11 170,72 189,88 208,57 219,93 226,77 222,45 207,58 174,31 126,34 75,39 32,41 9,71 0 0 0 0 0 6,96 16,34 30,55 35,47 37,59 30,87 27,3 21,03 15,42 9,79 6,12 0 8,27 11,42 12,97 16,52 17,45 16,06 10,07 4,44 0 0 0 0 0
0 0 0 0 0 0 0 0 0 0 7,07 16,85 25,32 33,03 39,39 49,1 55,72 54,79 53,53 45,77 35,94 28,92 28,41 32,01 31,03 37,31 39,21 41,73 33,85 32,37 27,83 24,06 20,72 17,07 16,42 14,83 13,96 13,89 21,4 29,51 29,25 17,29 0 0 0 0 0 9,38 32,31 67,57 101,59 126,4 142,99 158,05 174,89 190,53 208,81 216,43 226,89 219,27 199,23 154,8 98,4 47,91 13,52 0 0 0 0 0 0 8,32 20,92 34,7 40,16 40,54 34,49 31,51 26,46 22,56 17,13 13,45 11,39 11 8,83 6,36 5,41 5,27 4,11 0 0 0 0 0 0 0
0 0 0 0 0 0 0 0 0 0 16,64 29,71 36,15 38,75 39,63 43,79 46,58 44,04 42,16 34,09 25,92 19,06 18,48 22,3 24,86 32,33 37,6 40,47 35,24 32,73 29,03 27,44 26,51 25,97 27,92 27,33 24,98 22,69 26,92 32,8 31,51 19,93 8,73 0 0 0 0 18,27 47,65 85,95 117,33 139,35 154,01 167,93 181,64 191,54 199,94 204,01 217,06 212,68 187,29 130,38 67,74 23,94 0 0 0 0 0 0 6,13 12,4 21,43 29,09 35,52 37,37 37,51 33,86 30,4 27,52 23,74 22,19 19,39 16,02 8,47 0 0 0 0 0 0 0 0 0 0 0
0 0 0 0 0 0 0 0 10,2 18,96 28,25 36,93 40,5 41,46 39,96 38,04 37,54 34,81 32,56 26,86 22,31 17,61 13,1 12,8 14,82 23,68 31,08 33,92 30,26 27,66 25,94 25,67 28,23 30,93 34,87 34,66 32,5 30,25 30,42 32,92 33,6 27,5 20,69 10,48 0 0 0 28,13 61,76 97,29 124,48 144,83 161,12 175,05 184,25 187,88 186,19 185,08 196,15 192,46 164,21 102,47 45,07 11,25 0 0 0 0 0 0 6,05 12,45 21,15 28,41 35,51 37,4 38,92 35,57 33,43 31,58 28,4 26,85 22,96 18,94 10,36 0 0 0 0 0 0 0 0 0 0 0
0 0 0 0 0 0 0 11,16 14,96 22,27 28,21 36,72 40,46 41,81 38,77 32,59 27,76 26,35 27,64 29,68 28,35 23,32 14,36 8,89 7,6 13,95 21,44 26,43 24,5 22,13 19,87 20,06 24,15 28,98 34,31 34,36 33 32,47 30,1 29,97 32,75 33,02 28,55 14,75 0 0 9,46 34,38 68,5 100,99 124,12 141,93 156,54 169,68 179,05 180,95 171,32 165,09 166,25 159,9 128,13 71,88 26,67 0 0 0 0 0 0 0 7,23 12,96 21,29 26,71 33,1 35,8 38,68 38,24 35,88 34,85 31,5 29,46 23,85 17,96 9,64 0 0 0 0 0 0 0 0 0 0 0
0 0 0 0 0 8,66 12,53 15,78 14,87 23,99 32,48 44,76 49,19 53,51 51,5 44,53 36,92 32,66 33,14 36,02 36,25 32,09 23,39 15,34 9,1 8,65 10,94 14,61 13,97 13,6 12,7 12,41 15,29 20,43 26,23 27,43 26,9 28,92 26,07 22,9 24,14 26,71 25,01 12,62 0 0 13,16 39,01 70,39 97,31 115,67 130,62 143,61 155,54 164,22 167,66 161,24 151,19 140,22 125,36 96,04 54,93 20,06 0 0 0 0 0 0 0 0 9,11 17,86 24,53 31,05 34,7 37,13 38,37 36,81 36,37 32,04 28,7 23,39 16,24 8,73 0 0 0 0 0 0 0 0 0 0 0
0 0 0 10,16 16,23 23 22,26 25,62 25,48 37,59 46,48 59,56 63,13 65,35 62,72 56,64 49,93 45,52 44,45 44,21 41,92 37,15 31 24,73 17,49 11,25 7,07 0 0 0 0 0 0 10,05 13,77 15,24 15,96 19,41 18,46 14,29 12,37 12,69 11,2 0 0 0 13,59 37,56 65,69 89,51 106,37 121,11 134,93 147,72 156,77 157,85 151,02 140,81 125,65 105,46 76,69 45,92 21,37 9,22 0 0 0 0 0 0 0 6,69 15,01 22,86 30,25 33,45 35,99 36,5 35,99 34,21 30,18 27,3 22,05 14,06 0 0 0 0 0 0 0 0 0 0 0 0
0 0 13,92 25,97 35,12 43 41,7 46,14 46,76 60,22 68,35 77,01 77,38 78,52 76,87 73,15 67,32 61,02 55,72 51,1 46,61 42,04 34,19 27,19 19,17 13,16 0 0 0 0 0 0 0 0 0 0 0 8,97 9,57 0 0 0 0 0 0 0 14,97 36,04 59,94 80,97 98,79 116,36 132,86 147,07 154,53 154,4 147,21 135,83 118,87 98,45 72,99 48,2 29,13 21,49 16,94 10,52 0 0 0 0 0 0 12,42 22,23 28,87 31,26 31,92 31,8 32,42 33,14 30,89 28,23 20,32 11,53 0 0 0 0 0 0 0 0 0 0 0 0
11,99 15,5 28,38 44,23 56,44 60,67 59,39 64,71 72,47 82,06 83,51 82,41 80,5 82,72 83,76 80,77 73,42 64,72 58,56 54,88 51,19 45,69 35,03 26,55 19,75 14,94 7,57 0 0 0 0 0 0 0 0 0 0 0 0 0 0 0 0 0 0 0 13,42 33,6 59,23 82 102,98 122,83 140,64 154,65 159,51 154,78 145,7 132,97 118,44 95,66 71,7 50,85 41,05 38,71 33,21 20,24 7,21 0 0 0 0 0 10,98 19,64 24,2 25,79 26,67 27,36 29,38 30,38 31,19 28,11 18,79 8,29 0 0 0 0 0 0 0 0 0 0 0 0
24,36 31,87 46,9 61,4 68,52 70,69 71,21 74,9 78,29 84,99 88,15 84,88 78,72 80 85,05 86,8 80,24 72,49 66,71 59,39 52,3 44,04 34,02 24,81 17,64 12,66 0 0 0 0 0 0 0 0 0 0 0 0 0 0 0 0 0 0 0 0 16,59 37,14 61,84 83,69 104,87 124,43 141,45 157,79 164,26 161,37 150,01 135,18 118,05 96,17 74,77 61,23 55,9 54,76 45,15 28,05 12,02 0 0 0 0 0 7,64 14,41 17,73 18,24 17,86 19,07 24,28 27,59 30,55 25,57 16,12 0 0 0 0 0 0 0 0 0 0 0 0 0
40,1 47,91 60,73 70,35 74,04 72,35 73,31 74,27 78,98 85,34 90,36 88,7 81,36 79,89 81,72 80,96 73,49 66,09 61,61 55,73 49,84 41,6 34,24 26,64 21,86 15,37 8,1 0 0 0 0 0 0 0 0 0 0 0 0 0 0 0 0 0 0 9,29 26,04 47,76 72,01 93,53 114,2 133,29 149,89 165,32 174,14 172,14 160,58 141,72 122,28 97,88 79,47 70,98 69,85 64,8 50,98 33,33 18,79 8,37 0 0 0 0 0 9,4 11,64 10,62 9,82 11,16 18,02 22,41 25,98 19,69 11,81 0 0 0 0 0 0 0 0 0 0 0 0 0
50,07 59,91 70,7 73,65 72,12 69,25 71,42 75,15 80,8 91,11 99,19 100,47 91,23 84,46 80,35 78,08 71,74 66,97 62,6 55,46 47,79 40,03 34,88 30,33 25,31 18,15 9,36 0 0 0 0 0 0 0 0 0 0 0 0 0 0 0 0 0 9,52 25,02 44,56 65,83 85,57 105,22 123,75 140,79 156,2 171,34 183,95 187,33 176,07 150,89 122,67 99,64 88,51 86,77 81,77 69,64 51,68 37,22 25,23 14,56 0 0 0 0 0 0 6,63 0 0 0 10,48 16,65 17,8 12,73 0 0 0 0 0 0 0 0 0 0 0 0 0 0
56,12 64,16 71,51 69,44 68,21 65,11 68,94 73,13 83,37 99,25 108,61 110,22 100,15 91,77 83,46 74,53 65,05 57,37 52,44 49,42 45,9 41,68 36,89 32,58 28,16 20,28 10,64 0 0 0 0 0 0 0 0 0 0 0 0 0 0 0 8,53 17,48 31,99 49,08 70,29 88,91 105,98 122,06 138,51 154,1 168,9 181,07 193,39 196,29 184,06 155,47 126,74 108,38 102,91 98,95 87,69 69,12 50,33 38,64 28,94 18,82 8,69 0 0 0 0 0 0 0 0 0 0 9,31 9,45 6,83 0 0 0 0 0 0 0 0 0 0 0 0 0 0
53,55 61,31 65,1 64,05 63,58 62,19 64,06 69,06 83,05 103,93 114,35 114,52 104,2 96,57 89,93 82,13 73,53 65,41 58,38 55,31 51,74 48,01 41,7 36,01 29,59 20,28 10,17 0 0 0 0 0 0 0 0 0 0 0 0 0 8,73 18,65 34,19 47,86 64,66 81,17 98,91 116,11 127,96 139,46 150,06 163,53 176,93 189,5 200,68 201,29 184,99 157,09 132,87 122,3 115,47 105,05 83,88 65,04 47,08 38,44 29,9 20,12 9,7 0 0 0 0 0 0 0 0 0 7,79 7,16 8,31 6,88 5,03 3,14 0 0 0 0 0 0 0 0 0 0 0 0
