rofental/data/rofental/ice_thickness_rofental_100.asc
ncols         322
nrows         225
xllcorner     622802,488
yllcorner     5178049,379
cellsize      100
NODATA_value  -9999
[rows 144 to 191 of 225, columns 96 to 191 of 322]
0 0 0 0 0 0 0 0 0 0 0 0 0 0 0 0 0 10,5475 14,455 14,485 7,7 0 0 0 6,49 21,9225 29,1925 24,135 15,5625 2,4325 0 0 0 0 0 0 1,8225 9,83 28,395 58,1025 95,97 113,7125 118,195 83,64 39,36 18,165 0 0 0 0 0 0 0 0 0 0 0 0 0 0 0 0 0 0 0 0 0 0 0 0 0 0 0 0 0 0 0 0 0 0 0 0 0 0 0 0 0 0 0 0 0 5,745 2,47 0 0 4,7725
0 0 0 0 0 0 0 0 0 0 0 0 0 0 0 0 0 2,0475 8,285 20,115 23,3425 9,29 0 0 0 2,075 5,635 2,37 0 0 0 0 0 0 0 7,8425 31,9325 62,3175 91,3625 116,885 137,62 130,2475 82,8375 40,0625 18,12 0 0 0 0 0 0 0 0 0 0 0 0 0 0 0 0 0 0 0 0 0 0 0 0 0 0 0 0 0 0 0 0 0 0 0 0 0 0 0 0 0 0 0 2,06 6,2275 5,6475 16,455 20,38 7,835 0 0
0 0 0 0 0 0 0 0 0 0 0 2,9175 9,4775 2,73 0 14,3625 21,6225 13,365 7,2475 20,6875 35,825 29,9 13,9975 6,2075 0 0 0 0 0 0 0 0 0 2,1 17,0775 45,235 79,915 109,915 131,3775 139,9825 133,845 96,6475 37,45 15,8325 0 0 0 0 0 0 0 0 0 0 0 0 0 0 0 0 0 0 0 0 0 0 0 0 0 0 0 0 0 0 0 0 0 0 0 0 0 0 0 0 0 0 0 0 15,51 22,4525 10,94 15,12 35,075 21,05 0 0
0 0 0 0 0 0 0 0 0 0 0 14,3775 26,815 23,3375 24,59 46,3275 62,805 49,3325 41,31 35,895 53,525 53,8225 45,8825 44,175 31,3075 13,935 2,8925 0 0 0 0 0 2,165 23,1075 56,4 78,745 103,3825 133,7675 150,15 128,21 98,315 49,6125 16,3925 0 0 0 0 0 0 0 0 0 0 0 0 0 0 0 0 0 0 0 0 0 0 0 0 0 0 0 0 0 0 0 0 0 0 0 0 0 0 0 0 0 0 0 0 11,9125 28,235 27,8725 14,305 13,1925 40,7575 33,0125 5,515 0
0 0 0 0 0 0 0 0 0 0 0 10,71 30,8675 42,3675 55,125 71,6375 84,025 74,3925 70,455 60,7825 67,8575 70,995 68,6875 74,5775 72,1925 55,89 30,905 15,685 6,545 0 0 8,16 34,245 67,4425 97,33749 111,7225 126,545 138,2325 132,4425 99,00999 45,155 17,275 0 0 0 0 0 0 0 0 0 0 0 0 0 0 0 0 0 0 0 0 0 0 0 0 0 0 0 0 0 0 0 0 0 0 0 0 0 0 0 0 0 0 0 0 9,1725 25,9275 34,83 31,415 19,615 13,84 38,2125 42,9575 15,73 0
0 0 0 0 0 0 0 0 0 0 2,125 4,375 28,615 51,15 65,3475 77,07 89,9525 84,4525 78,1425 70,9975 67,7025 71,04 71,6075 78,765 77,0225 60,5925 45,345 38,6825 34,1275 23,99 27,0625 54,555 89,815 115,22 131,1825 138,835 142,4675 129,8175 94,6675 52,2625 12,9025 2,15 0 0 0 0 0 0 0 0 0 0 0 0 0 0 0 0 0 0 0 0 0 0 0 0 0 0 0 0 0 0 0 0 0 0 0 0 0 0 0 0 0 0 0 0 16,435 28,37 34,26 32,9575 24,0275 12,665 24,2575 38,605 21,95 0
0 0 0 0 0 0 0 0 0 4,2925 14,645 20,96 32,4875 48,0075 55,4275 60,92 72,9825 76,485 68,0675 64,8425 54,6525 46,9725 47,49 57,1975 41,8275 27,175 24,0775 36,1025 58,8475 68,1975 82,91 103,505 126,515 146,335 151,005 148,3125 135,83 102,265 52,895 17,7775 0 0 0 0 0 0 0 0 0 0 0 0 0 0 0 0 0 0 0 0 0 0 0 0 0 0 0 0 0 0 0 0 0 0 0 0 0 0 0 0 0 0 0 0 0 0 9,77 16,93 14,8 20,3525 15,4 3,96 16,225 32,8025 25,245 1,6125
0 0 0 0 0 0 0 0 0 2,1725 22,9425 36,7 40,75 44,805 44,19 39,395 40,945 44,41 46,17 45,3 39 27,4575 22,495 26,645 10,6675 1,7825 0 26,6725 84,205 110,3 124,6025 138,2425 151,13 160,5325 155,705 144,7 107,15 55,3525 14,395 0 0 0 0 0 0 0 0 0 0 0 0 0 0 0 0 0 0 0 0 0 0 0 0 0 0 0 0 0 0 0 0 0 0 0 0 0 0 0 0 0 0 0 2,5825 6,905 0 0 0 0 2,54 15,42 13,52 7,3225 21,75 23,8425 15,6725 0
0 0 0 0 0 0 0 0 0 10,61 32,71 43,285 47,8925 55,815 44,71 32,5625 22,9675 14,385 19,1225 21,95 16,805 8,99 1,87 1,895 0 0 0 34,4925 105,155 141,5925 153,125 155,87 156,5525 148,5525 139,74 109,28 52,3025 11,3 0 0 0 0 0 0 0 0 0 0 0 0 0 0 0 0 0 0 0 0 0 0 0 0 0 0 0 0 0 0 0 0 0 0 0 0 0 0 0 0 0 0 0 0 7,095 26,48 17,11 1,8625 0 0 0 4,5075 2,45 4,06 12,46 5,17 0 0
0 0 0 0 0 0 0 0 9,7075 23,93 30,735 31,0325 45,2125 52,805 45,0875 29,215 19,2175 5,565 0 1,765 0 0 0 0 0 0 7,1775 59,4325 126,5325 172,315 193,5925 170,1825 136,6875 130,7275 96,11 38,5375 4,2125 0 0 0 0 0 0 1,185 3,72 0,91 0 0 0 0 0 0 0 0 0 0 0 0 0 0 0 0 0 0 0 0 0 0 0 0 0 0 0 0 0 0 0 0 0 0 4,285 5,5675 5,585 30,8275 33,75 15,065 3,365 3,7975 1,5125 0 0 0 0 0 0 0
0 0 0 0 0 0 0 2,8525 25,8425 34,195 20,8925 13,1175 31,0875 40,36 28,5925 9,745 1,915 0 0 0 0 0 0 0 0 0 26,355 84,965 134,7075 181,41 213,0975 178,06 121,9575 86,345 32,9175 2,5225 0 0 0 0 0 0 1,07 12,7575 19,9925 6,115 0 0 0 0 0 0 0 0 0 0 0 0 0 0 0 0 0 0 0 0 0 0 0 0 0 0 0 0 0 0 0 0 0 4,84 24,4625 27,39 17,7075 41,485 46,54 31,4775 20,9375 20,5925 16,4225 7,62 1,88 0 0 0 0 0
0 0 0 0 0 0 0 5,3425 30,185 30,315 9,1625 4,875 23,9 24,165 6,2975 0 0 0 0 0 0 0 0 0 0 13,975 63,61 110,42 147,0725 181,3525 199,7175 172,105 103,9075 41,9225 3,6025 0 0 0 0 0 0 0 4,2375 21,8275 24,4125 6,495 0 0 0 0 0 0 0 0 0 0 0 0 0 0 0 0 0 0 0 0 0 0 0 0 0 0 0 0 0 0 0 0 0 7,005 33,83 44,6575 39,02 51,24 55,335 49,925 36,5225 34,795 30,975 22,08 13,59 1,6125 0 0 0 0
0 0 0 0 0 0 0 5,8675 31,3325 31,45 14,9125 2,015 5,2875 7,245 13,6675 4,975 0 0 0 0 0 0 0 0 0 39,7875 103,54 144,655 172,735 194,185 198,935 163,505 81,03 16,0025 0 0 5,3625 18,08 10,56 0 0 0 11,675 28,0625 20,93 3,14 0 0 0 0 0 0 0 0 0 0 0 0 0 0 0 0 0 0 0 0 0 0 0 0 0 0 0 0 0 0 0 0 0 4,76 18,455 28,2475 37,6125 43,0925 52,1675 52,955 42,8675 42,185 39,545 29,8775 14,6575 0 0 0 0 0
0 0 0 0 0 0 0 19,935 52,1875 49,54 31,1975 19,4275 15,285 27,3525 30,59 11,865 0 0 4,185 9,4575 3,135 0 0 0 10,1625 68,4275 129,3025 171,375 204,4075 217,4325 202,62 138,6875 46,01 2,465 0 0 16,225 30,8525 23,5175 8,365 0 3,2125 19,9775 31,0175 19,655 3,21 0 0 0 0 0 0 0 0 0 0 0 0 0 0 0 0 0 0 0 0 0 0 0 0 0 0 0 0 0 0 0 0 0 0 0 2,605 17,2025 25,98 36,285 40,72 40,06 40,3975 40,8475 33,0475 15,17 0 0 0 0 0
0 0 0 0 0 5,98 22,18 39,6525 56,3175 52,8225 35,28 30,1625 32,32 40,2675 33,675 23,4775 14,6025 7,8125 11,6725 23,5175 20,3475 0 0 2,345 40,265 104,925 146,2475 181,505 213,435 223,845 183,98 87,01 13,91 0 0 3,82 25,6275 38,44 31,0425 21,3675 11,6225 7,665 9,895 11,1625 7,56 1,11 0 0 0 0 0 0 0 0 0 0 0 0 0 0 0 0 0 0 0 0 0 0 0 0 0 0 11,845 21,8775 21,96 10,2275 1,885 0 0 0 0 0 0 7,735 19,73 26,2875 29,9575 32,6175 35,5125 33,3125 15,8575 0 0 0 0 0
0 0 0 0 7,29 27,8825 39,215 40,355 40,7425 33,9175 21,225 16,67 23,9225 35,7675 31,4725 27,02 27,91 31,195 27,605 30,765 28,135 9,975 0 11,6 73,1625 131,4975 164,5275 186,3275 193,805 204,5875 146,0875 37 0 0 0 9,2575 25,02 36,45 36,465 30,7325 25,295 19,3275 4,7075 0 0 0 0 0 0 0 0 0 0 0 0 0 0 0 0 0 0 0 0 0 0 0 0 0 0 0 0 0 20,17 41,005 40,29 33,7325 22,84 8,1075 0 0 0 0 0 0 2,3875 14,3125 20,3575 22,495 29,825 31,1025 9,695 0 0 0 0 0
0 0 2,165 9,8675 19,0225 35,5425 46,2425 41,8475 30,9225 31,62 30,0025 15,495 9,825 18,355 18,55 16,26 22,2125 30,5825 30,3225 27,26 29,155 20,2325 0 24,0025 84,2975 128,085 156,3425 172,97 162,21 147,9325 87,745 11,6825 0 0 0 7,325 22,5975 33,6625 38,105 35,9775 30,425 20,36 4,5925 0 0 0 0 0 0 0 0 0 0 0 0 0 0 0 0 0 0 0 0 0 0 0 0 0 0 0 0 0 29,77 55,2 57,32 64,325 55,77 39,1825 19,8025 7,295 8,4825 5,32 0 0 0 1,9625 4,675 13,775 20,74 16,185 3,925 1,93 0 0 0 0
0 12,5125 29,3375 33,93 42,5125 62,85 71,095 67,345 55,9475 48,87 41,93 29,2775 15,2675 1,7675 0 0 2,5125 7,2525 11,085 10,58 6,265 2,8 0 25,54 74,0275 110,6575 140,645 155,8875 143,7175 112,1075 60,95 20,3025 6,865 0 0 1,6725 18,13 30,9575 34,0525 33,94 29,15 16,99 0 0 0 0 0 0 0 0 0 0 0 0 0 0 0 0 0 0 0 0 0 0 0 0 0 0 0 0 0 2,71 34,8775 57,215 68,38 84,2425 76,78 63,3625 47,6275 35,29 33,8375 26,8325 20,6775 11,91 7,12 6,7925 2,625 1,5575 1,8125 0 3,815 10,2925 3,555 0 0 0
20,93 45,2275 64,08 67,5525 79,4525 84,7375 80,485 84,095 72,7175 59,885 48,305 30,1025 16,2475 1,8925 0 0 0 0 0 0 0 0 0 25,1875 71,69 113,7775 148,6325 159,98 140,965 107,08 64,6375 47,605 31,6625 4,8075 0 0 13,1675 21,49 22,74 27,9075 28,855 10,8 0 0 0 0 0 0 0 0 0 0 0 0 0 0 0 0 0 0 0 0 0 0 0 0 0 0 0 0 0 16,3375 38,6275 59,03 77,565 83,4275 79,665 80,6175 71,685 53,93 39,5075 40,36 42,1125 32,74 29,455 24,095 20,6175 11,9275 10,5575 0 2,3325 11,9975 5,42 0 0 0
49,4975 68,8575 71,94 73,5375 84,0575 94,68 84,235 80,2775 69,57249 58,85 44,815 31,5225 20,1725 4,365 0 0 0 0 0 0 0 0 10,9575 46,0475 89,0825 128,0075 160,6875 179,39 157,315 110,6175 81,4325 71,515 43,3025 16,7375 0 0 2,35 7,2225 5,245 16,89 19,05 2,9525 0 0 0 0 0 0 0 0 0 0 0 0 0 0 0 0 0 0 0 0 0 0 0 0 0 0 0 0 0 20,6825 45,3775 70,51 99,8575 116,54 100,39 82,73 75,8425 64,74 43,0825 41,3725 39,6575 37,54 42,2125 29,3675 33,745 30,115 20,245 1,9575 0 1,885 0 0 0 0
58,785 67,525 64,7725 68,7975 92,4 111,925 98,1725 82,5125 65,34 53,8875 46,8325 36,795 24,5775 5,2025 0 0 0 0 0 0 6,845 27,015 56,725 93,555 123,865 151,55 179,1 197,9125 170,4025 122,5725 105,595 76,4325 43,6225 24,445 4,5975 0 0 0 0 6,065 7,8675 2,0425 0 0 0 0 0 0 0 0 0 0 0 0 0 0 0 0 0 7,8775 17,375 6,51 4,885 0 0 0 0 0 0 0 5,8775 28,84 51,335 76,8275 118,9275 137,45 107,685 103,1925 99,9075 81,6225 60,11 37,7525 31,9025 46,76 53,6575 47,2125 44,5225 23,565 3,7275 0 0 0 0 0 0 0
45,4225 54,2675 58,43 61,3475 82,585 102,9 101,35 98,175 89,06 79,4325 64,0275 46,5225 30,7575 16,2425 9,012501 8,285 8,915 7,1725 7,9375 20,99 60,35 107,3 130,96 152,4225 171,63 183,9075 195,56 201,1875 167,9125 136,11 93,0575 53,3925 31,2125 23,425 4,21 0 0 4,97 10,095 7,815 7,995 11,2925 0 0 0 0 0 0 0 0 0 0 0 0 0 0 0 0 11,7975 36,63 42,26 33,94 23,6375 2,0225 0 0 0 0 0 0 13,3625 41,5475 53,015 71,1925 117,395 122,8675 105,1225 104,0025 95,5675 92,74001 71,1625 21,3275 18,8125 37,555 45,885 50,425 34,015 3,5825 0 0 0 0 0 0 0 0
25,985 38,6675 49,405 57,3475 67,67 90,9925 114,54 127,2925 124,2575 114,215 83,2725 61,9125 49,47 40,0125 48,0375 57,055 55,9275 52,01 55,145 86,29 130,44 178,9 197,0225 210,7825 221,7475 226,025 205,53 172,135 131,05 82,435 41,8075 22,0725 20,23 17,345 0 0 0 5,2925 5,375 0,865 8,04 12,9275 0 0 0 0 0 0 0 0 0 0 0 0 0 0 0 6,295 35,655 56,605 61,1325 54,56 30,92 0 0 0 0 0 0 0 12,305 36,0125 46,8625 73,095 100,6975 92,6725 87,5275 92,02 99,4775 97,395 54,335 7,4475 2,84 17,3225 26,195 25,5275 6,9175 1,515 5,055 4,5875 4,9925 4,8625 0 0 0 0
11,8825 15,8375 31,13 50,8625 65,9675 88,2925 124,0175 143,39 146,195 125,12 90,885 76,05 69,2175 61,955 77,3075 96,4225 95,4425 102,505 113,1725 150,235 182,765 223,9275 249,36 259,6175 261,3825 227,025 174,195 106,21 33,02 10,7925 5,475 13,0725 26,925 14,595 0 0 0 8,42 12,7075 4,73 12,5075 12,2075 0 0 0 0 0 0 0 0 0 0 0 0 0 0 2,2075 23,915 52,63 69,7225 75,0725 64,615 34,155 4,775 0 0 0 0 0 0 2,6575 20,7075 41,795 79,7975 89,7475 81,17 93,57 99,11 95,7325 83,345 48,0875 8,8125 0 0 4,1675 9,122499 10,8675 19,195 28,9225 30,6975 28,2175 19,905 1,585 0 0 0
21,8525 8,0925 16,6425 56,1775 81,885 92,8175 114,26 134,325 145,9075 128,4675 97,7775 85,12 84,27 85,5725 95,845 116,455 139,695 153,65 167,2175 199,3175 225,635 258,815 288,015 273,95 230,475 160,795 102,1575 36,635 0 0 0 12,8675 25,9525 13,2075 0 0 0 1,1025 5,7975 6,6275 6,27 2,895 0 0 0 0 0 0 0 0 0 0 0 0 0 0 15,2325 45,065 67,15 82,27 80,89 68,44749 37,13 6,1225 0 0 6,405 18,74 6,725 0 0 22,3875 61,7175 96,3025 91,6475 86,4 102,1925 110,525 101,865 81,8975 48,53 9,2275 0 0 8,532499 22,7475 30,6775 37,0325 43,0125 40,2725 31,31 12,8325 0 0 0 0
45,4375 29,3175 19,59 51,095 87,2125 108,7925 113,4725 104,0925 118,4125 131,2025 112,775 102,2275 95,9725 101,005 119,9025 140,1675 172,7975 188,775 207,405 230,7775 258,905 263,64 253,925 196,8825 131,9575 80,0325 39,14 7,7775 0 0 0 5,4625 20,28 14,865 0 0 0 0 0 0 1,005 0 0 0 0 0 0 0 0 0 0 0 0 0 0 6,7975 33,83 59,46 81,325 90,585 79,8375 60,8275 28,385 8,2625 9,6025 17,7575 30,2675 36,5625 19,29 2,46 2,6975 36,945 70,1225 75,8875 77,735 81,0175 97,4625 114,42 106,09 82,515 50,405 10,0375 0 3,365 18,2025 29,8125 34,57 34,1625 32,83 22,51 9,9675 1,6575 0 0 0 0
72,52 58,2275 37,0825 40,6975 68,3975 107,695 111,0825 78,125 93,5575 129,3675 133,0925 117,2475 106,5025 102,9775 124,6225 144,2075 157,6525 181,935 213,3575 223,4975 222,3875 195,4525 154,8275 109,355 66,81 35,4425 12,0975 0 0 0 0 0 8,83 5,32 0 0 0 0 0 0 0 0 0 0 0 0 0 0 0 0 0 0 0 0 2,65 26,0075 50,585 80,2225 96,065 89,9425 73,3875 43,7025 9,39 7,4 19,8875 33,395 42,4025 41,38 28,8475 18,97 24,145 53,83 75,1925 78,0575 72,0375 76,8825 100,0725 114,975 114,935 89,4825 55,4225 19,7275 0 0 13,7175 26,6525 29,875 24,0925 14,2025 2,395 0 0 0 0 0 0
96,735 88,185 64,8075 51,4725 58,255 76,2375 85,4025 65,8375 78,3625 115,2725 130,97 106,09 103,0875 110,6375 125,655 139,51 137,3625 133,5575 142,7425 135,915 121,3775 105,795 80,1825 57,37 37,7725 20,82 4,3775 0 0 0 0 0 0 0 0 0 0 0 0 0 0 0 0 0 0 0 0 0 0 0 0 0 0 0 21,1725 44,1025 66,98 98,155 96,175 75,91499 56,685 29,0125 1,8775 0 17,735 32,5 38,755 42,29 35,615 34,9825 45,635 61,94 66,5375 64,505 80,835 96,49 113,84 113,6625 105,5375 88,75 64,26 32,77 9,155 2,0075 1,9975 19,5 23,69 14,8975 1,89 0 0 0 0 0 0 0
88,8325 87,59 76,0175 66,4175 70,005 68,6375 65,3225 55,9125 64,5575 92,695 108,4675 84,985 71,2175 103,2675 120,7725 116,36 109,4975 96,5925 87,2525 82,825 72,6175 60,59 48,645 40,4825 32,555 19,6275 4,73 0 0 0 0 0 0 0 0 0 0 0 0 0 0 0 0 0 0 0 0 0 0 0 0 0 3,5125 26,2025 46,6275 58,14 80,67751 100,7325 85,615 61,98 42,345 23,3375 4,245 0 8,1325 19,0875 28,045 32,075 33,5275 45,655 54,86 51,97 38,01 47,9425 68,11 93,8325 117,5575 115,345 99,985 87,94 70,86501 45,2975 22,91 11,2525 0 16,1675 16,875 2,575 0 0 0 0 0 0 0 0
47,7475 55,645 61,325 66,82 71,1425 74,58 57,745 47,6325 50,34 64,2425 71,08 55,8525 38,8625 52,2425 58,2225 56,8925 63,325 63,2825 60,8375 59,7025 38,3575 27,7 25,2 25,76 20,29 5,9025 0 0 0 0 0 0 0 0 0 0 0 0 0 0 0 0 0 0 0 0 0 0 0 0 0 2,79 25,8 52,0575 70,96 80,005 89,5075 90,51 69,9675 52,335 39,0275 27,51 9,400001 0 0 2,2375 10,45 19,0275 29,9875 45,9725 56,07 45,7775 17,68 24,7775 50,435 76,7475 102,1775 116,5275 116,4175 101,64 79,5575 51,97 18,3225 7,88 12,3125 4,7825 2,6575 0 0 3,88 7,8825 6,76 2,4 0 0 0
8,8125 19,07 38,445 51,03 55,6575 62,8675 47,4575 32,19 22,9725 20,765 22,7375 21,5125 15,9 9,6325 12,8425 24,915 42,235 46,77 33,495 14,4775 2,2375 1,9675 3,6975 4,3925 1,8925 0 0 0 0 0 0 0 0 0 0 0 0 0 0 0 0 0 0 0 0 0 0 0 0 0 3,1225 29,015 47,075 66,1725 82,705 88,7925 88,13 78,41 71,315 58,0575 46,0625 36,55 20,68 2,1075 0 0 0 7,9925 25,115 44,255 54,6175 40,9025 15,6175 18,195 40,06 58,2575 78,205 100,215 112,9325 103,995 82,795 50,4525 8,94 2,29 5,555 0 0 0 1,04 8,875 11,275 4,545 1,4425 0 0 0
0 0 8,15 17,905 24,275 29,88 21,14 8,5 2,3075 0 0 0 0 2,655 21,385 36,7275 45,0075 35,0725 12,2225 0 0 0 0 0 0 0 0 0 0 0 0 0 0 0 0 0 0 0 0 0 0 0 0 0 0 0 0 0 0 3,7275 24,25 45,11 62,5875 85,82 96,2275 87,53 77,045 80,8125 78,62 59,8175 51,395 44,9175 30,8675 13,59 3,27 0 0 0 23,2375 44,925 52,5475 41,0225 19,5375 18,2075 43,7375 62,575 77,3875 92,44749 99,7825 95,0925 77,52 41,5225 6,765 0 0 0 0 0 0,52 2,315 2,3575 0 0 0 0 0
0 0 0 0 0 0 0 0 0 0 0 0 0 4,8075 19,4325 22,3025 23,61 16,5375 2,2425 0 0 0 0 0 0 0 0 0 0 0 0 0 0 0 0 0 0 0 0 0 0 0 0 0 0 0 0 0 0 20,4675 45,38 56,865 73,7925 88,495 90,305 81,585 78,6225 86,43 79,7675 65,98 62,5575 58,3425 46,9375 37,495 18,9275 0 0 0 20,91 41,005 51,92 44,53 22,2625 17,12 44,1825 64,905 73,77 87,735 95,9625 89,2225 68,33 31,5625 2,305 3,8825 0 0 0 0 0 0 0 0 0 0 0 0
0 0 0 0 0 0 0 0 0 0 0 0 0 0 4,17 0 1,97 0 0 0 0 0 0 0 0 0 0 0 0 0 0 0 0 0 0 0 0 0 0 0 0 0 0 0 0 0 0 0 0 27,3725 49,195 58,7725 74,575 86,2575 83,05 78,685 86,3175 91,955 85,0175 78,2225 83,155 81,8575 70,5975 53,915 28,8225 2,445 0 0 17,1925 38,8425 55,1 52,2075 27,8275 13,8525 33,7075 50,775 61,8725 74,9975 85,9525 85,51 66,655 26,0125 5,0475 10,47 0 0 0 0 0 0 0 0 0 0 0 0
0 0 0 0 0 0 0 0 0 0 0 0 0 0 0 0 0 0 0 0 0 0 0 0 0 0 0 0 0 0 0 0 0 0 0 0 0 0 0 0 0 0 0 0 0 0 0 0 0 26,7475 45,8 51,6875 68,05251 81,6575 82,7225 87,12 92,2425 99,5175 104,5 96,2275 100,4425 100,905 83,77 64,5675 39,595 6,64 0 5,65 28,4975 48,4725 63,8375 60,08 32,4675 12,8675 29,865 44,19 51,9125 57,3075 65,9175 70,8375 50,945 14,4075 0 0 0 0 0 0 0 0 0 0 0 0 0 0
0 0 0 0 0 0 0 0 0 0 0 0 0 0 0 0 0 0 0 0 0 0 0 0 0 0 0 0 0 0 0 0 0 0 0 0 0 0 0 0 0 0 0 0 0 0 0 0 0 23,0325 36,8025 42,4575 56,5175 64,655 74,97 90,0925 96,80251 110,1525 122,05 107,4025 96,65 98,405 79,8475 61,465 37,745 11,6225 0 2,54 26,6875 48,0525 65,0225 65,9675 37,34 8,3825 19,47 18,285 15,4525 31,6725 43,915 45,05 29,5975 3,225 3,9325 4,76 4,17 5,755 6,215 2,0325 0 0 0 0 0 0 0 0
0 0 0 0 0 0 0 0 0 0 0 0 0 0 0 0 0 0 0 0 0 0 0 0 0 0 0 0 0 0 0 0 0 0 0 0 0 0 0 0 0 0 0 0 0 0 0 0 0 5,635 18,135 32,2125 42,8025 54,5825 72,625 88,4875 98,23 115,1 116,385 92,5825 72,3475 73,735 57,0075 40,2375 32,7975 28,0675 12,2575 0 12,2525 38,38 58,915 61,6875 29,045 2,1025 15,555 5,14 2,22 17,8575 24,255 13,9425 3,505 4,01 12,9025 21,4275 26,5925 33,23 36,9675 26,2425 5,6475 0 0 0 0 0 0 0
0 0 0 0 0 0 0 0 0 0 0 0 0 0 0 0 0 0 0 0 0 0 0 0 0 0 0 0 0 0 0 0 0 0 0 0 0 0 0 0 0 0 0 0 0 0 0 0 0 0 2,2625 12,925 30,43 49,0175 64,74001 77,6425 89,61 101,6775 84,735 45,0525 36,45 36,1425 23,2725 20,8825 36,425 42,545 26,1825 5,7 2,025 32,83 54,27 42,3775 13,37 0 0 0 0 1,9975 2,16 0 3,7775 3,7475 5,265 16,8675 25,8375 43,1325 47,585 37,44 11,32 0 0 0 0 0 6,4175 14,6325
0 0 0 0 0 0 0 0 0 0 0 0 0 0 0 0 0 0 0 0 0 0 0 0 0 0 0 0 0 0 0 0 0 0 0 0 0 0 0 0 0 0 0 0 0 0 0 0 0 0 0 0 19,185 38,92 58,92 76,2675 83,4675 81,005 40,7675 7,2075 5,0075 4,3225 0 15,0825 35,2925 43,69 33,4325 17,255 5,44 33,3375 51 32,34 9,45 2,125 0 0 0 0 0 0 9,559999 5,14 0 0 3,2075 22,2775 24,99 16,985 2,8625 0 0 0 5,105 20,6275 34,18 36,815
0 0 0 0 0 0 0 0 0 0 0 0 0 0 0 0 0 0 0 0 0 0 0 0 0 0 0 0 0 0 0 0 0 0 0 0 0 0 0 0 0 0 0 0 0 0 0 0 0 0 0 0 10,9 36,2075 66,94 90,5475 84,365 60,4475 20,52 0 0 0 2,4525 21,3775 36,965 38,705 31,97 25,8225 26,6075 42,1725 51,375 40,9625 20,7 7,875 0 0 0 0 0 0 0 1,7375 0 0 0 1,6975 1,89 0 0 0 0 5,0525 24,62 42,59 54,8375 52,1425
0 0 0 0 0 0 0 0 0 0 0 0 0 0 0 0 0 0 0 0 0 0 0 0 0 0 0 0 0 0 0 0 0 0 0 0 0 0 0 0 0 0 0 0 0 0 0 0 0 0 0 0 9,225 43,84 76,7725 102,52 99,0325 68,49 26,8775 0 0 0 5,6625 24,185 29,7875 18,8875 22,3225 39,0325 55,445 61,4725 57,475 55,075 29,7025 1,9625 0 0 0 0 0 0 0 0 0 0 0 0 0 0 0 0 0 2,6775 26,895 55,195 61,9075 53,835
0 0 0 0 0 0 0 0 0 0 0 0 0 0 0 0 0 0 0 0 0 0 0 0 0 0 0 0 0 0 0 0 0 0 0 0 0 0 0 0 0 0 0 0 0 0 0 0 0 0 0 2,0375 23,09 56,865 82,23 103,5975 103,3525 71,23 31,21 2,145 0 0 7,245 24,355 13,435 1,99 22,81 46,2775 68,2025 70,8775 57,5275 55,7325 28,83 0 0 0 0 0 0 0 0 0 0 0 0 0 0 0 0 0 0 0 19,8125 61,375 72,6125 57,035
0 0 0 0 0 0 0 0 0 0 0 0 0 0 0 0 0 0 0 0 0 0 0 0 0 0 0 0 0 0 0 0 0 0 0 0 0 0 0 0 0 0 0 0 0 0 0 0 0 0 2,265 22,0175 48,585 72,325 90,5625 109,2075 107,7175 65,79 16,7775 0 0 0 5,4175 17,345 2,8975 0 17,5725 32,23 50,005 60,3725 53,91 46,0275 18,895 0 0 0 0 0 0 0 0 0 0 0 0 0 0 0 0 4,02 1,7725 0 17,135 65,775 90,585 74,6875
0 0 0 0 0 0 0 0 0 0 0 0 0 0 0 0 0 0 0 0 0 0 0 0 0 0 0 0 0 0 0 0 0 0 0 0 0 0 0 0 0 0 0 0 0 0 0 0 0 0 13,145 45,5575 70,1425 87,5775 96,2375 96,8825 82,0225 36,145 2,18 0 0 0 0 4,1675 0 3,95 16,79 14,26 23,995 42,42 41,9475 31,4325 6,9975 0 0 0 0 0 0 0 0 0 0 0 0 0 0 0 0 1,815 0 0 16,1975 65,2525 101,49 92,97
0 0 0 0 0 0 0 0 0 0 0 0 0 0 0 0 0 0 0 0 0 0 0 0 0 0 0 0 0 0 0 0 0 0 0 0 0 0 0 0 0 0 0 0 0 0 0 0 0 0 25,57 59,965 90,41 106,2225 98,0975 76,8375 49,5775 16,28 0 0 0 0 0 0 0 0 4,155 0 5,04 17,6025 12,105 5,0425 0 0 0 0 0 0 0 0 0 0 0 0 0 0 0 0 0 0 0 0 9,66 56,1625 90,2375 86,0675
0 0 0 0 0 0 0 0 0 0 0 0 0 0 0 0 0 0 0 0 0 0 0 0 0 0 0 0 0 0 0 0 0 0 0 0 0 0 0 0 0 0 0 0 0 0 0 0 0 6,21 31,2825 54,18 75,4825 93,6725 89,1225 68,1125 43,08 16,2875 0 0 0 0 0 0 0 0 0 0 0 0 0 0 0 0 0 0 0 0 0 0 0 0 0 0 0 0 0 0 0 0 0 0 7,865 50,7475 84,235 82,7125
0 0 0 0 0 0 0 0 0 0 0 0 0 0 0 0 0 0 0 0 0 0 0 0 0 0 0 0 0 0 0 0 0 0 0 0 0 0 0 0 0 0 0 0 0 0 0 0 0 15,175 37,7525 54,93 72,565 93,545 86,8125 64,9175 43,91 23,44 2,15 0 0 0 0 0 0 0 0 0 0 0 0 0 0 0 0 0 0 0 0 0 0 0 0 0 0 0 0 0 0 0 0 0 6,4425 43,055 67,89 70,3125
0 0 0 0 0 0 0 0 0 0 0 0 0 0 0 0 0 0 0 0 0 0 0 0 0 0 0 0 0 0 0 0 0 0 0 0 0 0 0 0 0 0 0 0 0 0 0 0 0 17,2475 40,0925 56,7125 64,3025 68,34 57,0325 47,8975 42,5225 27,03 5,4175 0 0 0 0 0 0 0 0 0 0 0 0 0 0 0 0 0 0 0 0 0 0 0 0 0 0 0 0 0 0 0 0 0 2,545 28,1475 49,2525 56,7425
