rofental/data/rofental/svf_rofental_100.asc
ncols         322
nrows         225
xllcorner     622802,488
yllcorner     5178049,379
cellsize      100
NODATA_value  -9999
[rows 124 to 154 of 225, columns 70 to 139 of 322]
0,96075 0,95275 0,976 0,851 0,78025 0,75825 0,86775 0,87025 0,8515 0,861 0,84875 0,82625 0,79925 0,758 0,76875 0,7775 0,8795 0,987 0,97175 0,983 0,985 0,9875 0,99 0,99075 0,99075 0,98775 0,9835 0,98875 0,991 0,9905 0,99225 0,9935 0,99375 0,99275 0,992 0,99175 0,99125 0,9905 0,99025 0,98925 0,988 0,987 0,98425 0,97725 0,9675 0,974 0,989 0,99075 0,989 0,983 0,97 0,948 0,96875 0,988 0,989 0,986 0,985 0,98325 0,97725 0,9575 0,92125 0,992 0,9785 0,948 0,93475 0,919 0,9215 0,9325 0,9435 0,94325
0,91375 0,8645 0,9505 0,8805 0,81375 0,819 0,84425 0,84225 0,876 0,87875 0,86425 0,83825 0,81125 0,7735 0,756 0,77575 0,85525 0,994 0,98625 0,981 0,9845 0,98775 0,99025 0,99125 0,99075 0,97875 0,97575 0,9845 0,98375 0,97875 0,98475 0,98925 0,9905 0,9905 0,98825 0,98825 0,9895 0,9895 0,98875 0,987 0,98625 0,983 0,975 0,95725 0,9505 0,97875 0,99 0,99 0,986 0,97375 0,95975 0,964 0,98575 0,9905 0,98975 0,98625 0,98475 0,9825 0,97875 0,9647501 0,9595 0,9615 0,8835 0,91225 0,96075 0,984 0,9795 0,959 0,93925 0,9435
0,8925 0,89 0,90925 0,892 0,8655 0,87775 0,88175 0,8685 0,88125 0,88825 0,87775 0,84575 0,821 0,80325 0,778 0,7275 0,7775 0,912 0,99625 0,9775 0,97575 0,981 0,987 0,99075 0,99075 0,97925 0,97925 0,9825 0,96475 0,94025 0,939 0,97125 0,97425 0,978 0,9815 0,98675 0,987 0,98625 0,986 0,984 0,98125 0,97575 0,9575 0,914 0,91575 0,97725 0,98775 0,98725 0,96825 0,9515 0,9575 0,98325 0,98825 0,9905 0,98825 0,983 0,978 0,97325 0,96875 0,9795 0,97725 0,94425 0,90925 0,89925 0,905 0,9175 0,9235 0,94275 0,987 0,9905
0,86325 0,8915 0,8845 0,895 0,904 0,9175 0,909 0,89125 0,8815 0,8855 0,87575 0,86025 0,83975 0,82075 0,792 0,74325 0,82375 0,89925 0,94425 0,95875 0,95125 0,94425 0,9705 0,98125 0,983 0,979 0,9805 0,97875 0,9615 0,9615 0,96175 0,95325 0,9625 0,9795 0,98425 0,98625 0,98525 0,984 0,98275 0,97875 0,97375 0,96575 0,9285 0,85275 0,923 0,987 0,9885 0,98125 0,9495 0,953 0,97425 0,98825 0,99075 0,99025 0,98425 0,97125 0,95625 0,9495 0,9775 0,99 0,95875 0,91025 0,926 0,9255 0,93225 0,9425 0,94575 0,90225 0,893 0,85325
0,88825 0,87425 0,85325 0,90825 0,91325 0,90825 0,88875 0,89525 0,9015 0,89425 0,89 0,878 0,85425 0,82975 0,80375 0,771 0,86075 0,84125 0,85575 0,81925 0,845 0,84175 0,88475 0,97575 0,981 0,98 0,97575 0,977 0,97375 0,97275 0,973 0,966 0,9715 0,981 0,983 0,9845001 0,98475 0,98325 0,9785 0,9685 0,9645 0,95675 0,89425 0,90825 0,98425 0,9885 0,986 0,973 0,97 0,98225 0,987 0,98925 0,991 0,988 0,976 0,94825 0,93125 0,9765 0,98425 0,96875 0,898 0,909 0,9395 0,94475 0,9515 0,95725 0,95775 0,94425 0,915 0,8375
0,90575 0,9005 0,87325 0,88025 0,884 0,857 0,8435 0,837 0,8785 0,8945 0,894 0,888 0,8685 0,848 0,81425 0,82475 0,85025 0,83525 0,8415 0,8215 0,80475 0,765 0,78725 0,92 0,97975 0,98225 0,96725 0,975 0,974 0,97375 0,974 0,97025 0,9695 0,97725 0,9805 0,98275 0,98425 0,9815 0,97325 0,95 0,95675 0,95275 0,8745 0,98075 0,98475 0,98825 0,98525 0,9795 0,98875 0,9924999 0,9924999 0,99225 0,9905 0,9835 0,959 0,93025 0,97525 0,98975 0,945 0,88375 0,90625 0,93275 0,95325 0,95875 0,962 0,96475 0,96125 0,93375 0,90225 0,85825
0,847 0,8895 0,89625 0,90575 0,89925 0,8435 0,80975 0,8355 0,824 0,84975 0,875 0,85 0,8665 0,8735 0,8405 0,855 0,8545 0,8375 0,837 0,79725 0,76275 0,726 0,7535 0,7515 0,86525 0,98325 0,9545 0,963 0,975 0,976 0,97425 0,973 0,97025 0,9705 0,9755 0,981 0,98325 0,979 0,9645 0,93275 0,9625 0,956 0,88225 0,9935 0,98175 0,986 0,986 0,9895 0,99075 0,992 0,99275 0,99275 0,98975 0,97825 0,93425 0,96275 0,987 0,8885 0,864 0,893 0,9135 0,92475 0,9475 0,96075 0,95625 0,961 0,96 0,9445 0,891 0,86925
0,8365 0,85425 0,8745 0,8845 0,84625 0,81625 0,824 0,838 0,84025 0,8465 0,85825 0,8345 0,83225 0,86525 0,879 0,86925 0,8555 0,8515 0,846 0,81125 0,78 0,749 0,736 0,71575 0,74 0,96725 0,96825 0,93375 0,97025 0,97525 0,9745 0,97475 0,97175 0,96475 0,96325 0,97575 0,9815 0,9765 0,958 0,929 0,9715 0,96475 0,9225 0,99525 0,984 0,98125 0,98225 0,9855 0,9875 0,989 0,991 0,99325 0,99075 0,98 0,9485 0,99125 0,96775 0,856 0,8635 0,89 0,906 0,9 0,9055 0,9195 0,91525 0,9165 0,90525 0,89025 0,873 0,898
0,895 0,86525 0,87225 0,86075 0,84975 0,836 0,837 0,84375 0,852 0,85525 0,84775 0,8395 0,8265 0,83125 0,87375 0,8895 0,87975 0,86 0,85375 0,82575 0,7975 0,782 0,75625 0,7235 0,7015 0,83475 0,96025 0,90675 0,93825 0,971 0,97525 0,97475 0,97025 0,957 0,94075 0,9585 0,9805 0,975 0,9545 0,9305 0,97525 0,9795 0,97075 0,977 0,989 0,986 0,98525 0,9835 0,982 0,98475 0,98825 0,9915 0,9905 0,98975 0,97675 0,898 0,9515 0,94 0,89625 0,892 0,90925 0,88725 0,8625 0,86625 0,889 0,88225 0,85 0,87425 0,89675 0,91175
0,899 0,89325 0,89625 0,8985 0,88375 0,854 0,846 0,8495 0,85825 0,85675 0,84675 0,8325 0,83125 0,813 0,7967499 0,8365 0,87075 0,86925 0,852 0,82725 0,818 0,801 0,77825 0,72725 0,7265 0,85975 0,881 0,8905 0,915 0,94075 0,9685 0,9725 0,968 0,95475 0,931 0,94775 0,98 0,97425 0,94925 0,93425 0,9775 0,982 0,983 0,982 0,98325 0,98275 0,97875 0,96675 0,96025 0,96625 0,978 0,98825 0,984 0,986 0,833 0,79975 0,8905 0,8955 0,90275 0,881 0,8955 0,86125 0,8655 0,882 0,8815 0,88575 0,90075 0,9035 0,9095 0,91625
0,891 0,89575 0,8995 0,894 0,878 0,85025 0,83075 0,85 0,86275 0,8655 0,8555 0,85325 0,856 0,8405 0,818 0,82075 0,8015 0,83225 0,83375 0,82175 0,81525 0,8035 0,789 0,747 0,76975 0,83125 0,894 0,9465 0,95525 0,94825 0,9545 0,966 0,9625 0,95025 0,93725 0,9515 0,979 0,974 0,944 0,93575 0,97875 0,9825 0,985 0,98525 0,98025 0,974 0,954 0,91275 0,9505 0,9635 0,9635 0,93175 0,85925 0,795 0,76325 0,77975 0,84375 0,84075 0,846 0,8275 0,84775 0,8615 0,87975 0,89925 0,90575 0,908 0,911 0,919 0,92425 0,92275
0,85275 0,87325 0,87425 0,877 0,867 0,82175 0,81825 0,846 0,8575 0,83625 0,8455 0,86475 0,87325 0,87375 0,869 0,862 0,84075 0,8285 0,8335 0,831 0,8200001 0,81225 0,81125 0,80025 0,7835 0,7555 0,76925 0,8865 0,95975 0,961 0,962 0,96325 0,9545 0,94025 0,92025 0,95425 0,97825 0,97325 0,94775 0,895 0,98075 0,988 0,989 0,98525 0,9765 0,95775 0,9405 0,9935 0,9855 0,96875 0,86625 0,79175 0,7915 0,80325 0,8155 0,835 0,833 0,84475 0,8525 0,8765 0,88925 0,9065 0,91475 0,9165 0,9155 0,91775 0,9185 0,924 0,9275 0,922
0,82075 0,87375 0,8775 0,8655 0,82625 0,81325 0,829 0,82375 0,8235 0,83175 0,879 0,88975 0,887 0,88625 0,88525 0,8825 0,8765 0,87 0,866 0,85775 0,849 0,83825 0,82575 0,829 0,837 0,82 0,794 0,7645 0,8295 0,95775 0,9625 0,9615 0,9515 0,933 0,91675 0,92375 0,975 0,974 0,95875 0,89975 0,9305 0,98925 0,98725 0,98125 0,97175 0,94675 0,9385 0,9685 0,846 0,86275 0,81 0,83075 0,8585 0,86875 0,87075 0,8805 0,88925 0,894 0,89675 0,90925 0,9205 0,92775 0,9335 0,931 0,9285 0,928 0,92525 0,929 0,92225 0,9175
0,832 0,831 0,84 0,8095 0,8105 0,8175 0,823 0,8255 0,82375 0,811 0,8415 0,89275 0,9005 0,88925 0,89075 0,8895 0,88525 0,8835 0,8795 0,875 0,86725 0,86175 0,85175 0,8335 0,861 0,86325 0,85375 0,8295 0,8125 0,862 0,955 0,95875 0,94975 0,93025 0,93375 0,95625 0,97375 0,974 0,9605 0,922 0,93025 0,98625 0,98075 0,97725 0,97775 0,95775 0,98125 0,9265 0,85625 0,88925 0,8905 0,90375 0,90225 0,8975 0,89475 0,898 0,90675 0,91025 0,91175 0,924 0,9305 0,937 0,94325 0,9455 0,928 0,932 0,93625 0,934 0,91325 0,8815
0,85325 0,8515 0,85175 0,84875 0,83875 0,8265 0,827 0,833 0,852 0,88025 0,88 0,86075 0,89725 0,8925 0,87425 0,871 0,88375 0,88575 0,8835 0,88075 0,877 0,874 0,869 0,86125 0,866 0,868 0,86325 0,84925 0,8205 0,76175 0,875 0,958 0,94775 0,94225 0,948 0,97475 0,9765 0,97375 0,9645 0,93325 0,93375 0,97825 0,98125 0,98725 0,98925 0,97675 0,98125 0,8825 0,85825 0,904 0,919 0,928 0,935 0,93625 0,93675 0,89975 0,9 0,89375 0,90975 0,928 0,93625 0,93775 0,94525 0,95125 0,92025 0,936 0,92325 0,902 0,893 0,89225
0,875 0,8705 0,863 0,8585 0,85475 0,85125 0,859 0,89525 0,89025 0,8905 0,89475 0,8975 0,9 0,88375 0,85275 0,82925 0,83925 0,8565 0,87175 0,87925 0,8815 0,88125 0,87925 0,87625 0,876 0,8705 0,86225 0,85125 0,829 0,77 0,79925 0,9275 0,9345 0,92125 0,93375 0,9725 0,97525 0,97375 0,96725 0,942 0,94125 0,96625 0,98175 0,99375 0,99425 0,98425 0,952 0,89975 0,89475 0,91575 0,9175 0,923 0,93475 0,935 0,92125 0,93425 0,92975 0,92025 0,91975 0,9325 0,93625 0,928 0,915 0,92775 0,9135 0,90625 0,8755 0,88225 0,8895 0,88875
0,88075 0,876 0,874 0,8705 0,86175 0,8615 0,87025 0,91025 0,89775 0,888 0,89225 0,899 0,93025 0,928 0,902 0,84675 0,813 0,8175 0,81675 0,83775 0,866 0,88675 0,88675 0,88625 0,889 0,885 0,8775 0,8635 0,841 0,81 0,76475 0,77075 0,815 0,85 0,93625 0,9725 0,97325 0,97225 0,9655 0,942 0,94125 0,956 0,976 0,9945 0,995 0,98575 0,93125 0,90025 0,908 0,91175 0,9085 0,922 0,93425 0,9335 0,911 0,90025 0,9225 0,943 0,941 0,92875 0,9315 0,9345 0,9265 0,9195 0,908 0,88375 0,88375 0,8785 0,881 0,873
0,8665 0,86175 0,8515 0,85075 0,839 0,83875 0,86625 0,9275 0,89575 0,89675 0,8995 0,89875 0,9165 0,928 0,9135 0,9255 0,877 0,83475 0,8205 0,82425 0,8665 0,897 0,8945 0,885 0,9 0,89575 0,88875 0,877 0,856 0,8455 0,823 0,78275 0,7295 0,7635 0,89025 0,98075 0,97725 0,97075 0,96575 0,95675 0,9465 0,946 0,98675 0,99325 0,959 0,95525 0,9155 0,88025 0,9115 0,915 0,92125 0,9345 0,94125 0,94225 0,932 0,923 0,931 0,927 0,9355 0,94425 0,9345 0,92475 0,9285 0,8865 0,9075 0,88375 0,86175 0,85825 0,862 0,8495
0,86775 0,8605 0,85325 0,843 0,84225 0,84675 0,87425 0,92825 0,9185 0,8965 0,91 0,91325 0,911 0,9125 0,88025 0,922 0,92575 0,87975 0,90475 0,904 0,90875 0,90775 0,89925 0,8875 0,9085 0,905 0,8915 0,87875 0,85775 0,8635 0,86075 0,8285 0,7785 0,70825 0,7725 0,9195 0,96875 0,96875 0,96225 0,96475 0,9485 0,949 0,9835 0,831 0,8305 0,82625 0,921 0,93475 0,9065 0,90025 0,91375 0,92475 0,927 0,92775 0,92775 0,9235 0,90775 0,91975 0,91825 0,92875 0,9125 0,9115 0,9075 0,91125 0,877 0,86125 0,866 0,8745 0,87725 0,87675
0,877 0,85825 0,8625 0,86925 0,8525 0,8845 0,91275 0,93825 0,92425 0,9005 0,9095 0,91225 0,9075 0,89425 0,8445 0,9005 0,932 0,934 0,904 0,9015 0,91325 0,9135 0,9055 0,89225 0,9145 0,91025 0,89175 0,869 0,85875 0,882 0,8845 0,854 0,8215 0,77275 0,71075 0,7475 0,91225 0,99275 0,98125 0,97975 0,96625 0,97975 0,87 0,7825 0,79 0,7925 0,79375 0,923 0,9535 0,90625 0,89525 0,90675 0,9205 0,91825 0,9045 0,89925 0,883 0,895 0,9155 0,927 0,90675 0,90525 0,89775 0,8875 0,8695 0,867 0,88125 0,88375 0,888 0,88725
0,898 0,8745 0,853 0,84675 0,86475 0,9085 0,912 0,931 0,929 0,89825 0,912 0,9085 0,89725 0,87075 0,798 0,9295 0,93025 0,9455 0,88725 0,9005 0,91075 0,91475 0,9125 0,9125 0,91625 0,91375 0,9 0,85625 0,89375 0,90675 0,894 0,86425 0,832 0,80775 0,7575 0,69625 0,7135 0,8895 0,993 0,9795 0,89875 0,8865 0,85975 0,81775 0,8205 0,81725 0,79225 0,82725 0,90925 0,941 0,9345 0,9205 0,91975 0,91625 0,9235 0,91975 0,90325 0,9065 0,91775 0,90575 0,8895 0,8955 0,8855 0,87725 0,872 0,881 0,8905 0,8945 0,89475 0,88925
0,895 0,8835 0,86675 0,8115 0,94575 0,922 0,91375 0,92675 0,92775 0,91525 0,91425 0,9125 0,88975 0,84625 0,81325 0,9395 0,94325 0,9435 0,8755 0,89825 0,8995 0,90775 0,90825 0,90375 0,9115 0,90975 0,886 0,872 0,92075 0,91525 0,89475 0,85175 0,83525 0,83175 0,81775 0,7735 0,70725 0,905 0,9005 0,912 0,8355 0,83525 0,88175 0,879 0,85925 0,83425 0,823 0,8085 0,81375 0,8875 0,946 0,958 0,95725 0,951 0,945 0,928 0,913 0,907 0,90875 0,89225 0,87075 0,85425 0,86475 0,8845 0,89225 0,897 0,89875 0,89725 0,89425 0,887
0,872 0,891 0,866 0,8085 0,939 0,913 0,91125 0,9205 0,92775 0,92475 0,91525 0,9155 0,89275 0,8335 0,85975 0,9535 0,9475 0,915 0,873 0,90425 0,89275 0,9035 0,89725 0,8925 0,903 0,9035 0,86325 0,882 0,9225 0,91225 0,88875 0,831 0,86575 0,858 0,83725 0,7925 0,7665 0,894 0,876 0,8545 0,874 0,848 0,848 0,85 0,87625 0,86575 0,86225 0,8475 0,81725 0,8285 0,86225 0,87425 0,89975 0,92775 0,95075 0,924 0,934 0,92475 0,914 0,88775 0,86025 0,8695 0,8915 0,901 0,903 0,902 0,90075 0,896 0,89175 0,8795
0,8475 0,8955 0,86475 0,83525 0,9385 0,85725 0,90075 0,90325 0,916 0,92275 0,9195 0,90925 0,89075 0,835 0,78925 0,91725 0,934 0,9105 0,8825 0,9035 0,90975 0,898 0,85825 0,8835 0,91125 0,90425 0,84075 0,90425 0,91725 0,8985 0,8775 0,8185 0,85125 0,907 0,8255 0,81725 0,92 0,92725 0,9025 0,88325 0,877 0,87975 0,8875 0,88975 0,8935 0,894 0,88925 0,88625 0,8745 0,856 0,84175 0,84825 0,8845 0,88375 0,904 0,872 0,8765 0,873 0,86275 0,86375 0,888 0,9025 0,9075 0,90775 0,9055 0,9035 0,89675 0,8835 0,8715 0,86625
0,86 0,89675 0,86925 0,8285 0,93325 0,8095 0,858 0,8855 0,89 0,9135 0,91375 0,90125 0,881 0,8335 0,773 0,9035 0,9165 0,91375 0,87275 0,877 0,8945 0,8705 0,838 0,9235 0,88525 0,89825 0,91225 0,9265 0,92175 0,90075 0,8735 0,81375 0,779 0,904 0,8565 0,87975 0,96225 0,9195 0,8875 0,893 0,90025 0,90375 0,9055 0,90725 0,9105 0,9115 0,91175 0,91125 0,90775 0,90275 0,90025 0,8845 0,8735 0,84425 0,84175 0,8585 0,86375 0,8565 0,87 0,89325 0,90725 0,91275 0,91225 0,9095 0,90575 0,898 0,8835 0,853 0,851 0,89525
0,8535 0,87275 0,85675 0,849 0,92 0,7875 0,875 0,924 0,89725 0,90975 0,9065 0,893 0,86775 0,818 0,75325 0,8805 0,90375 0,89325 0,85925 0,821 0,8915 0,86925 0,86425 0,9245 0,876 0,9155 0,927 0,92625 0,92375 0,90475 0,86975 0,79825 0,77675 0,85675 0,92425 0,9555 0,9665 0,9265 0,887 0,89575 0,907 0,91175 0,91225 0,91625 0,9175 0,9145 0,915 0,918 0,91925 0,92 0,91725 0,9165 0,907 0,8995 0,86975 0,86625 0,86775 0,88375 0,9015 0,91275 0,91625 0,91625 0,91225 0,90775 0,89975 0,88725 0,867 0,8605 0,8935 0,91775
0,849 0,85475 0,839 0,87225 0,948 0,90675 0,90525 0,921 0,90825 0,905 0,8995 0,88425 0,856 0,8 0,779 0,8585 0,90225 0,87525 0,8975 0,88425 0,91125 0,90125 0,91925 0,88875 0,87775 0,9205 0,9305 0,92875 0,92025 0,89975 0,863 0,8 0,76575 0,89975 0,97725 0,97675 0,949 0,8825 0,893 0,901 0,91025 0,91475 0,914 0,92075 0,92075 0,91525 0,9145 0,91475 0,915 0,907 0,89625 0,885 0,87875 0,88275 0,88675 0,89275 0,89825 0,91025 0,91725 0,9185 0,919 0,916 0,90825 0,90025 0,8925 0,89 0,87825 0,8885 0,91625 0,92175
0,8475 0,83875 0,81175 0,94575 0,95725 0,90275 0,891 0,90325 0,9 0,89675 0,89175 0,87375 0,8415 0,799 0,762 0,8105 0,9345 0,89875 0,894 0,89625 0,90325 0,88875 0,93 0,86825 0,87875 0,91525 0,92425 0,92425 0,91025 0,8865 0,8525 0,80925 0,7455 0,8815 0,97925 0,97 0,902 0,908 0,917 0,916 0,9195 0,9215 0,91275 0,915 0,91175 0,9095 0,9055 0,90575 0,8935 0,8805 0,8895 0,8955 0,88525 0,892 0,89925 0,9065 0,91475 0,91875 0,92175 0,921 0,91925 0,912 0,89575 0,88775 0,89675 0,895 0,88975 0,8645 0,867 0,9165
0,8435 0,82225 0,86325 0,95075 0,899 0,902 0,902 0,89775 0,88425 0,8775 0,87575 0,85675 0,8225 0,805 0,76 0,7615 0,84725 0,952 0,92325 0,8835 0,91725 0,9245 0,96275 0,91025 0,8735 0,909 0,9215 0,9175 0,89925 0,87425 0,84625 0,804 0,7970001 0,82075 0,96025 0,91875 0,88775 0,909 0,9175 0,9105 0,91775 0,91925 0,9045 0,9185 0,89575 0,88525 0,89225 0,911 0,9095 0,8985 0,8885 0,899 0,892 0,892 0,907 0,9165 0,92175 0,924 0,9235 0,92125 0,91525 0,89975 0,8745 0,89275 0,894 0,888 0,88925 0,873 0,829 0,872
0,83675 0,8055 0,85125 0,9595 0,88525 0,913 0,913 0,904 0,8935 0,85325 0,8415 0,8335 0,821 0,8235 0,79125 0,7885 0,841 0,96025 0,86925 0,8755 0,92125 0,938 0,9425 0,8795 0,86425 0,894 0,90775 0,90925 0,898 0,875 0,836 0,797 0,8275 0,9015 0,96575 0,87675 0,8765 0,911 0,92 0,909 0,9145 0,91375 0,933 0,974 0,97875 0,981 0,97125 0,941 0,9265 0,90625 0,8915 0,88725 0,8915 0,89775 0,91625 0,9215 0,92425 0,925 0,9225 0,916 0,90225 0,89025 0,90375 0,89475 0,8815 0,874 0,8715 0,9005 0,89075 0,88325
0,85025 0,81975 0,8825 0,9455 0,88275 0,911 0,91575 0,9115 0,9015 0,85775 0,83425 0,8365 0,83625 0,82325 0,81025 0,78675 0,90375 0,9645 0,83175 0,8805 0,91425 0,92525 0,9375 0,86825 0,833 0,8715 0,8985 0,90325 0,893 0,86775 0,82225 0,80825 0,80675 0,906 0,97125 0,90275 0,85275 0,89525 0,919 0,92325 0,91575 0,9635 0,973 0,90425 0,88075 0,92675 0,92325 0,9045 0,91025 0,899 0,875 0,8825 0,88525 0,90775 0,9195 0,92475 0,92475 0,9255 0,92075 0,90475 0,898 0,90825 0,9065 0,90025 0,891 0,8745 0,85925 0,898 0,898 0,90925
