rofental/data/rofental/svf_rofental_50.asc
ncols         644
nrows         451
xllcorner     622802,488
yllcorner     5177999,379
cellsize      50
NODATA_value  -9999
[rows 272 to 305 of 451, columns 390 to 467 of 644]
0,829 0,84 0,876 0,967 0,98 0,95 0,892 0,833 0,849 0,874 0,888 0,894 0,893 0,899 0,898 0,865 0,847 0,871 0,882 0,886 0,886 0,881 0,875 0,875 0,879 0,883 0,886 0,879 0,869 0,872 0,877 0,876 0,875 0,859 0,834 0,824 0,871 0,909 0,916 0,918 0,912 0,894 0,857 0,839 0,84 0,843 0,843 0,839 0,827 0,826 0,818 0,816 0,82 0,818 0,812 0,803 0,782 0,791 0,791 0,792 0,777 0,837 0,85 0,836 0,823 0,816 0,846 0,823 0,828 0,839 0,857 0,886 0,894 0,901 0,893 0,885 0,878 0,868
0,838 0,847 0,865 0,97 0,995 0,993 0,933 0,858 0,842 0,869 0,89 0,897 0,907 0,913 0,897 0,846 0,852 0,871 0,878 0,885 0,884 0,881 0,881 0,88 0,881 0,886 0,894 0,89 0,871 0,871 0,876 0,879 0,878 0,877 0,871 0,846 0,825 0,862 0,895 0,914 0,915 0,908 0,876 0,847 0,826 0,834 0,838 0,836 0,823 0,821 0,82 0,817 0,819 0,818 0,812 0,798 0,799 0,8 0,804 0,81 0,797 0,824 0,857 0,856 0,845 0,836 0,866 0,877 0,868 0,866 0,873 0,884 0,896 0,898 0,886 0,884 0,881 0,868
0,846 0,843 0,886 0,963 0,993 0,994 0,959 0,927 0,851 0,868 0,891 0,898 0,915 0,911 0,891 0,847 0,848 0,865 0,874 0,879 0,88 0,882 0,878 0,881 0,885 0,896 0,896 0,897 0,892 0,885 0,882 0,882 0,874 0,871 0,873 0,864 0,843 0,822 0,862 0,891 0,901 0,902 0,883 0,849 0,843 0,843 0,837 0,834 0,819 0,82 0,818 0,819 0,816 0,812 0,807 0,784 0,804 0,806 0,804 0,802 0,805 0,82 0,833 0,861 0,856 0,852 0,877 0,881 0,882 0,886 0,88 0,883 0,889 0,891 0,884 0,874 0,87 0,854
0,85 0,86 0,836 0,893 0,984 0,991 0,967 0,881 0,878 0,89 0,902 0,909 0,914 0,899 0,883 0,842 0,854 0,866 0,868 0,871 0,876 0,875 0,877 0,885 0,891 0,893 0,896 0,898 0,902 0,897 0,882 0,878 0,883 0,88 0,873 0,857 0,836 0,845 0,811 0,84 0,874 0,877 0,871 0,858 0,834 0,843 0,843 0,831 0,818 0,818 0,815 0,813 0,815 0,812 0,806 0,795 0,806 0,811 0,818 0,816 0,801 0,773 0,799 0,785 0,845 0,834 0,858 0,865 0,869 0,871 0,874 0,884 0,888 0,882 0,879 0,868 0,855 0,837
0,837 0,825 0,818 0,82 0,939 0,981 0,938 0,867 0,89 0,904 0,912 0,919 0,908 0,901 0,891 0,864 0,861 0,866 0,866 0,866 0,871 0,875 0,885 0,894 0,891 0,888 0,897 0,905 0,908 0,902 0,891 0,898 0,9 0,895 0,887 0,884 0,875 0,857 0,8 0,824 0,821 0,809 0,851 0,838 0,86 0,863 0,849 0,837 0,812 0,817 0,819 0,817 0,814 0,811 0,807 0,798 0,799 0,81 0,818 0,818 0,823 0,834 0,818 0,798 0,843 0,811 0,805 0,803 0,801 0,811 0,849 0,874 0,877 0,873 0,868 0,86 0,849 0,824
0,807 0,802 0,805 0,812 0,928 0,972 0,916 0,864 0,878 0,895 0,899 0,904 0,898 0,883 0,873 0,87 0,868 0,869 0,859 0,859 0,867 0,884 0,894 0,883 0,875 0,893 0,901 0,91 0,913 0,91 0,904 0,9 0,896 0,89 0,882 0,886 0,887 0,881 0,859 0,837 0,808 0,728 0,738 0,784 0,811 0,853 0,849 0,833 0,816 0,813 0,811 0,815 0,812 0,808 0,8 0,792 0,809 0,811 0,813 0,817 0,816 0,842 0,842 0,848 0,834 0,832 0,845 0,845 0,828 0,834 0,856 0,874 0,876 0,87 0,862 0,855 0,839 0,825
0,816 0,824 0,815 0,818 0,879 0,943 0,952 0,864 0,833 0,87 0,884 0,887 0,871 0,86 0,867 0,872 0,872 0,866 0,846 0,861 0,887 0,889 0,871 0,846 0,878 0,893 0,888 0,894 0,902 0,883 0,888 0,888 0,889 0,887 0,888 0,887 0,889 0,886 0,872 0,864 0,855 0,825 0,822 0,816 0,803 0,743 0,793 0,832 0,826 0,812 0,813 0,814 0,809 0,805 0,801 0,802 0,81 0,807 0,815 0,81 0,819 0,813 0,823 0,833 0,848 0,843 0,853 0,861 0,854 0,871 0,886 0,886 0,876 0,869 0,864 0,847 0,829 0,841
0,825 0,825 0,839 0,85 0,883 0,951 0,976 0,916 0,831 0,857 0,897 0,887 0,871 0,866 0,865 0,87 0,87 0,862 0,846 0,864 0,886 0,871 0,832 0,839 0,879 0,893 0,882 0,866 0,88 0,889 0,893 0,889 0,884 0,881 0,878 0,882 0,89 0,89 0,867 0,872 0,87 0,855 0,843 0,844 0,84 0,819 0,796 0,799 0,805 0,817 0,815 0,811 0,808 0,804 0,807 0,808 0,808 0,805 0,812 0,821 0,816 0,849 0,849 0,854 0,846 0,85 0,855 0,867 0,883 0,891 0,895 0,891 0,883 0,874 0,865 0,846 0,831 0,835
0,831 0,851 0,857 0,86 0,863 0,951 1 0,969 0,883 0,91 0,88 0,889 0,877 0,852 0,855 0,856 0,861 0,842 0,865 0,905 0,932 0,925 0,888 0,906 0,926 0,923 0,912 0,883 0,893 0,89 0,876 0,895 0,871 0,846 0,866 0,879 0,886 0,9 0,884 0,869 0,872 0,854 0,844 0,841 0,834 0,827 0,82 0,818 0,818 0,812 0,815 0,813 0,808 0,799 0,809 0,815 0,802 0,806 0,814 0,811 0,802 0,834 0,855 0,855 0,852 0,849 0,859 0,881 0,892 0,897 0,894 0,89 0,884 0,878 0,865 0,855 0,843 0,858
0,812 0,842 0,863 0,839 0,862 0,934 0,998 1 0,991 0,927 0,912 0,904 0,831 0,819 0,814 0,827 0,857 0,902 0,955 0,952 0,962 0,96 0,942 0,948 0,934 0,926 0,913 0,899 0,907 0,87 0,877 0,89 0,881 0,846 0,858 0,877 0,894 0,903 0,886 0,864 0,861 0,857 0,843 0,819 0,826 0,829 0,826 0,823 0,815 0,813 0,811 0,809 0,807 0,8 0,81 0,816 0,817 0,823 0,842 0,833 0,826 0,826 0,823 0,847 0,852 0,86 0,872 0,889 0,895 0,899 0,894 0,892 0,885 0,878 0,869 0,857 0,868 0,868
0,794 0,817 0,85 0,88 0,884 0,919 0,991 1 1 0,96 0,944 0,933 0,919 0,919 0,899 0,877 0,925 0,98 0,974 0,939 0,928 0,931 0,929 0,933 0,932 0,929 0,892 0,872 0,879 0,871 0,887 0,891 0,867 0,849 0,851 0,887 0,907 0,895 0,864 0,862 0,855 0,84 0,825 0,824 0,828 0,828 0,828 0,821 0,818 0,816 0,812 0,807 0,803 0,808 0,816 0,809 0,811 0,834 0,848 0,85 0,847 0,85 0,842 0,837 0,837 0,863 0,871 0,888 0,892 0,896 0,895 0,893 0,889 0,876 0,869 0,865 0,862 0,863
0,799 0,779 0,823 0,832 0,836 0,923 0,986 0,999 0,992 0,955 0,96 0,967 0,973 0,988 0,989 0,963 0,981 0,974 0,93 0,877 0,858 0,868 0,898 0,941 0,956 0,96 0,879 0,839 0,863 0,876 0,881 0,882 0,887 0,863 0,889 0,915 0,916 0,885 0,859 0,864 0,858 0,832 0,822 0,819 0,823 0,824 0,824 0,82 0,812 0,812 0,808 0,805 0,799 0,807 0,825 0,8 0,784 0,808 0,83 0,849 0,855 0,857 0,851 0,853 0,85 0,858 0,867 0,878 0,886 0,894 0,893 0,893 0,887 0,88 0,868 0,859 0,851 0,849
0,802 0,779 0,767 0,772 0,825 0,943 0,991 0,984 0,913 0,878 0,936 0,947 0,963 0,981 0,986 0,984 0,989 0,957 0,872 0,827 0,849 0,867 0,887 0,916 0,945 0,961 0,942 0,91 0,911 0,908 0,904 0,902 0,891 0,891 0,914 0,923 0,916 0,86 0,847 0,858 0,847 0,831 0,816 0,801 0,806 0,814 0,817 0,813 0,809 0,81 0,806 0,798 0,809 0,818 0,82 0,822 0,811 0,799 0,728 0,806 0,822 0,846 0,85 0,849 0,852 0,857 0,86 0,873 0,887 0,888 0,885 0,886 0,883 0,872 0,872 0,854 0,833 0,829
0,796 0,784 0,806 0,854 0,876 0,964 0,986 0,928 0,833 0,827 0,883 0,879 0,871 0,909 0,905 0,921 0,946 0,967 0,908 0,874 0,861 0,873 0,894 0,928 0,94 0,92 0,937 0,948 0,953 0,955 0,947 0,917 0,897 0,903 0,918 0,92 0,906 0,865 0,851 0,857 0,833 0,803 0,802 0,805 0,802 0,803 0,804 0,801 0,805 0,804 0,801 0,788 0,815 0,824 0,822 0,829 0,834 0,828 0,824 0,826 0,769 0,766 0,812 0,826 0,849 0,851 0,852 0,876 0,882 0,884 0,88 0,883 0,88 0,873 0,872 0,86 0,834 0,827
0,805 0,846 0,879 0,949 0,966 0,967 0,952 0,899 0,831 0,837 0,861 0,874 0,87 0,903 0,885 0,868 0,898 0,945 0,955 0,939 0,919 0,918 0,927 0,938 0,935 0,914 0,932 0,948 0,954 0,953 0,943 0,919 0,909 0,924 0,922 0,918 0,901 0,865 0,846 0,85 0,822 0,799 0,806 0,812 0,809 0,798 0,797 0,801 0,802 0,804 0,797 0,795 0,818 0,829 0,838 0,847 0,853 0,849 0,846 0,841 0,837 0,827 0,733 0,768 0,788 0,793 0,792 0,845 0,873 0,876 0,872 0,874 0,879 0,878 0,876 0,876 0,871 0,869
0,828 0,889 0,938 0,982 0,98 0,953 0,93 0,887 0,855 0,847 0,862 0,876 0,895 0,909 0,907 0,896 0,9 0,926 0,955 0,97 0,969 0,945 0,928 0,941 0,945 0,938 0,949 0,946 0,925 0,922 0,926 0,924 0,936 0,944 0,937 0,924 0,897 0,85 0,849 0,85 0,814 0,779 0,801 0,797 0,78 0,784 0,789 0,795 0,8 0,8 0,789 0,784 0,82 0,838 0,843 0,85 0,852 0,85 0,848 0,846 0,846 0,839 0,827 0,769 0,732 0,703 0,761 0,795 0,82 0,853 0,852 0,855 0,872 0,878 0,884 0,882 0,888 0,907
0,809 0,896 0,968 0,968 0,938 0,916 0,897 0,892 0,888 0,881 0,877 0,887 0,909 0,916 0,921 0,922 0,937 0,941 0,957 0,964 0,971 0,965 0,953 0,954 0,956 0,955 0,958 0,954 0,925 0,926 0,919 0,925 0,941 0,945 0,947 0,935 0,904 0,873 0,867 0,856 0,845 0,831 0,813 0,812 0,787 0,781 0,787 0,802 0,801 0,804 0,785 0,768 0,806 0,842 0,849 0,852 0,851 0,851 0,837 0,842 0,849 0,84 0,819 0,818 0,799 0,761 0,702 0,744 0,751 0,765 0,815 0,84 0,849 0,851 0,87 0,872 0,876 0,896
0,901 0,97 0,974 0,929 0,888 0,886 0,895 0,909 0,912 0,914 0,898 0,895 0,911 0,919 0,921 0,922 0,941 0,951 0,959 0,94 0,933 0,955 0,963 0,96 0,963 0,962 0,963 0,961 0,937 0,924 0,925 0,932 0,931 0,938 0,938 0,923 0,88 0,869 0,861 0,857 0,855 0,85 0,838 0,82 0,801 0,779 0,788 0,798 0,801 0,8 0,77 0,753 0,806 0,847 0,851 0,86 0,859 0,85 0,844 0,849 0,842 0,839 0,823 0,825 0,822 0,822 0,794 0,747 0,722 0,773 0,803 0,836 0,843 0,855 0,878 0,875 0,869 0,859
0,964 0,984 0,955 0,91 0,891 0,904 0,915 0,929 0,93 0,917 0,916 0,913 0,919 0,923 0,914 0,903 0,925 0,937 0,943 0,935 0,941 0,946 0,952 0,959 0,966 0,967 0,964 0,964 0,947 0,913 0,926 0,925 0,93 0,922 0,91 0,862 0,869 0,87 0,873 0,874 0,876 0,872 0,852 0,83 0,809 0,798 0,793 0,801 0,802 0,792 0,761 0,761 0,818 0,855 0,862 0,864 0,861 0,85 0,852 0,856 0,848 0,843 0,838 0,827 0,834 0,856 0,841 0,818 0,763 0,785 0,776 0,812 0,838 0,856 0,869 0,869 0,856 0,845
0,983 0,978 0,928 0,886 0,897 0,906 0,915 0,928 0,934 0,921 0,918 0,925 0,928 0,931 0,923 0,91 0,918 0,921 0,927 0,94 0,946 0,951 0,941 0,948 0,96 0,959 0,952 0,957 0,938 0,913 0,927 0,925 0,922 0,92 0,902 0,867 0,859 0,875 0,882 0,877 0,881 0,875 0,852 0,819 0,82 0,807 0,801 0,801 0,801 0,787 0,756 0,755 0,796 0,856 0,867 0,867 0,863 0,848 0,857 0,864 0,854 0,857 0,855 0,852 0,863 0,864 0,869 0,828 0,783 0,789 0,764 0,749 0,813 0,812 0,826 0,823 0,825 0,814
0,986 0,956 0,905 0,892 0,907 0,919 0,922 0,93 0,939 0,934 0,928 0,932 0,93 0,933 0,931 0,92 0,916 0,914 0,893 0,921 0,933 0,936 0,926 0,924 0,94 0,948 0,943 0,943 0,948 0,949 0,945 0,928 0,914 0,914 0,901 0,855 0,846 0,857 0,854 0,878 0,882 0,875 0,854 0,843 0,818 0,811 0,808 0,803 0,8 0,782 0,755 0,744 0,785 0,832 0,861 0,868 0,865 0,857 0,857 0,868 0,863 0,873 0,883 0,869 0,882 0,902 0,89 0,858 0,803 0,82 0,788 0,783 0,766 0,752 0,761 0,781 0,781 0,796
0,977 0,946 0,908 0,905 0,917 0,927 0,93 0,931 0,936 0,935 0,934 0,929 0,923 0,927 0,921 0,918 0,922 0,911 0,901 0,909 0,917 0,924 0,933 0,928 0,931 0,944 0,941 0,938 0,955 0,957 0,945 0,934 0,915 0,899 0,856 0,818 0,825 0,821 0,824 0,849 0,858 0,859 0,836 0,799 0,79 0,798 0,801 0,804 0,801 0,781 0,759 0,754 0,798 0,824 0,856 0,871 0,871 0,868 0,871 0,863 0,86 0,883 0,888 0,884 0,894 0,907 0,913 0,898 0,851 0,849 0,807 0,766 0,738 0,739 0,757 0,765 0,764 0,778
0,951 0,92 0,919 0,919 0,923 0,929 0,935 0,935 0,933 0,935 0,936 0,927 0,918 0,926 0,909 0,904 0,918 0,917 0,916 0,922 0,926 0,929 0,937 0,937 0,929 0,929 0,942 0,953 0,957 0,951 0,95 0,938 0,917 0,885 0,846 0,821 0,819 0,831 0,839 0,818 0,827 0,836 0,828 0,819 0,796 0,798 0,806 0,807 0,802 0,78 0,763 0,754 0,758 0,807 0,843 0,868 0,881 0,879 0,872 0,858 0,844 0,865 0,876 0,875 0,883 0,891 0,913 0,923 0,91 0,878 0,861 0,796 0,736 0,758 0,768 0,762 0,743 0,787
0,922 0,918 0,925 0,927 0,926 0,924 0,934 0,937 0,939 0,937 0,914 0,886 0,922 0,928 0,91 0,869 0,889 0,908 0,915 0,924 0,926 0,928 0,938 0,93 0,936 0,942 0,948 0,948 0,942 0,947 0,951 0,927 0,872 0,851 0,852 0,85 0,847 0,846 0,843 0,797 0,788 0,826 0,844 0,845 0,826 0,813 0,816 0,814 0,803 0,78 0,772 0,755 0,748 0,792 0,806 0,852 0,882 0,882 0,877 0,864 0,859 0,845 0,861 0,865 0,863 0,883 0,914 0,922 0,93 0,946 0,937 0,901 0,896 0,895 0,912 0,867 0,893 0,875
0,913 0,929 0,932 0,934 0,907 0,879 0,922 0,933 0,938 0,901 0,852 0,864 0,914 0,925 0,907 0,875 0,889 0,903 0,912 0,917 0,926 0,931 0,941 0,943 0,948 0,95 0,939 0,938 0,946 0,952 0,948 0,924 0,87 0,855 0,875 0,884 0,884 0,883 0,865 0,838 0,835 0,82 0,843 0,846 0,842 0,831 0,827 0,815 0,792 0,789 0,786 0,773 0,757 0,798 0,824 0,841 0,874 0,883 0,878 0,875 0,872 0,869 0,866 0,86 0,873 0,899 0,922 0,932 0,934 0,961 0,958 0,951 0,962 0,965 0,963 0,965 0,961 0,956
0,918 0,921 0,933 0,925 0,89 0,875 0,887 0,907 0,888 0,864 0,861 0,87 0,894 0,915 0,91 0,905 0,911 0,916 0,923 0,927 0,931 0,936 0,943 0,949 0,951 0,943 0,942 0,95 0,95 0,945 0,929 0,908 0,881 0,885 0,888 0,896 0,896 0,885 0,866 0,852 0,843 0,831 0,82 0,841 0,84 0,837 0,828 0,814 0,789 0,8 0,795 0,784 0,781 0,813 0,821 0,852 0,869 0,871 0,884 0,885 0,878 0,883 0,888 0,882 0,911 0,923 0,922 0,931 0,935 0,95 0,947 0,946 0,946 0,954 0,96 0,969 0,961 0,959
0,879 0,874 0,895 0,912 0,888 0,887 0,893 0,897 0,895 0,89 0,895 0,891 0,893 0,905 0,917 0,921 0,926 0,93 0,934 0,936 0,939 0,942 0,943 0,937 0,933 0,937 0,948 0,953 0,949 0,924 0,907 0,897 0,901 0,9 0,891 0,896 0,895 0,867 0,856 0,819 0,819 0,833 0,833 0,823 0,838 0,836 0,826 0,812 0,794 0,801 0,804 0,79 0,774 0,789 0,86 0,855 0,844 0,861 0,884 0,889 0,886 0,895 0,904 0,896 0,915 0,931 0,928 0,928 0,929 0,943 0,94 0,908 0,896 0,888 0,895 0,909 0,891 0,886
0,865 0,871 0,877 0,882 0,892 0,894 0,907 0,911 0,912 0,916 0,913 0,913 0,913 0,917 0,926 0,929 0,934 0,94 0,939 0,94 0,94 0,94 0,939 0,937 0,944 0,95 0,952 0,955 0,951 0,929 0,913 0,899 0,898 0,895 0,896 0,888 0,878 0,876 0,8 0,798 0,828 0,835 0,835 0,827 0,827 0,827 0,819 0,801 0,799 0,802 0,801 0,795 0,784 0,786 0,83 0,875 0,872 0,867 0,88 0,888 0,891 0,912 0,904 0,898 0,912 0,927 0,921 0,921 0,927 0,941 0,937 0,939 0,923 0,895 0,883 0,869 0,839 0,831
0,902 0,898 0,904 0,895 0,899 0,909 0,916 0,921 0,926 0,927 0,925 0,925 0,927 0,929 0,934 0,937 0,94 0,943 0,944 0,943 0,946 0,946 0,948 0,95 0,95 0,951 0,954 0,957 0,955 0,938 0,912 0,909 0,904 0,9 0,887 0,887 0,867 0,853 0,838 0,844 0,848 0,853 0,849 0,844 0,838 0,832 0,823 0,798 0,802 0,811 0,813 0,801 0,79 0,791 0,802 0,811 0,875 0,876 0,869 0,861 0,894 0,91 0,926 0,928 0,935 0,932 0,924 0,932 0,935 0,94 0,94 0,946 0,936 0,92 0,91 0,898 0,876 0,867
0,882 0,892 0,9 0,905 0,909 0,92 0,927 0,932 0,933 0,934 0,934 0,934 0,933 0,937 0,94 0,941 0,943 0,946 0,947 0,95 0,951 0,952 0,952 0,948 0,947 0,954 0,957 0,956 0,949 0,922 0,91 0,88 0,868 0,893 0,885 0,88 0,87 0,825 0,829 0,839 0,854 0,854 0,848 0,842 0,833 0,823 0,808 0,798 0,806 0,817 0,819 0,815 0,813 0,798 0,783 0,821 0,875 0,87 0,856 0,867 0,905 0,92 0,934 0,939 0,941 0,939 0,937 0,938 0,934 0,937 0,938 0,944 0,94 0,934 0,928 0,923 0,91 0,898
0,887 0,895 0,903 0,911 0,918 0,927 0,927 0,931 0,937 0,937 0,937 0,928 0,931 0,938 0,942 0,943 0,945 0,948 0,95 0,951 0,953 0,952 0,952 0,952 0,955 0,956 0,958 0,957 0,924 0,91 0,904 0,891 0,886 0,884 0,892 0,888 0,86 0,836 0,844 0,852 0,859 0,853 0,847 0,825 0,787 0,777 0,779 0,807 0,816 0,822 0,823 0,831 0,825 0,819 0,818 0,802 0,874 0,891 0,891 0,904 0,919 0,929 0,937 0,936 0,942 0,94 0,935 0,939 0,925 0,924 0,937 0,944 0,943 0,938 0,935 0,932 0,925 0,917
0,87 0,9 0,91 0,915 0,927 0,933 0,931 0,933 0,935 0,938 0,933 0,932 0,934 0,938 0,942 0,945 0,948 0,949 0,951 0,953 0,954 0,954 0,948 0,954 0,955 0,951 0,94 0,931 0,904 0,904 0,906 0,887 0,892 0,893 0,894 0,892 0,887 0,882 0,874 0,86 0,854 0,848 0,834 0,795 0,75 0,75 0,817 0,821 0,822 0,829 0,816 0,811 0,837 0,842 0,815 0,816 0,887 0,917 0,917 0,919 0,926 0,935 0,935 0,938 0,941 0,936 0,934 0,934 0,934 0,936 0,943 0,948 0,943 0,934 0,933 0,926 0,924 0,92
0,896 0,91 0,922 0,925 0,931 0,935 0,936 0,939 0,94 0,939 0,94 0,939 0,941 0,943 0,947 0,949 0,952 0,953 0,953 0,955 0,957 0,954 0,932 0,934 0,94 0,933 0,908 0,904 0,904 0,909 0,911 0,903 0,898 0,901 0,9 0,901 0,897 0,888 0,881 0,852 0,849 0,851 0,842 0,799 0,732 0,81 0,831 0,834 0,825 0,828 0,817 0,797 0,815 0,843 0,847 0,851 0,904 0,921 0,93 0,932 0,932 0,935 0,934 0,937 0,933 0,924 0,914 0,936 0,945 0,949 0,947 0,943 0,936 0,93 0,917 0,914 0,913 0,909
0,935 0,935 0,943 0,931 0,931 0,936 0,939 0,942 0,944 0,942 0,94 0,942 0,943 0,946 0,946 0,948 0,951 0,951 0,955 0,956 0,956 0,945 0,911 0,899 0,917 0,918 0,905 0,908 0,911 0,915 0,911 0,909 0,911 0,91 0,904 0,906 0,906 0,889 0,861 0,842 0,844 0,84 0,821 0,782 0,789 0,838 0,851 0,855 0,844 0,851 0,863 0,869 0,828 0,843 0,88 0,897 0,923 0,925 0,936 0,935 0,935 0,932 0,929 0,924 0,917 0,911 0,912 0,935 0,946 0,949 0,947 0,933 0,918 0,899 0,907 0,912 0,905 0,902
