rofental/data/rofental/svf_rofental_100.asc
ncols         322
nrows         225
xllcorner     622802,488
yllcorner     5178049,379
cellsize      100
NODATA_value  -9999
[rows 155 to 185 of 225, columns 70 to 139 of 322]
0,872 0,81625 0,85925 0,9595 0,87825 0,89875 0,90825 0,90675 0,90125 0,88975 0,86725 0,85475 0,8335 0,80275 0,789 0,798 0,90125 0,9055 0,8135 0,87675 0,88625 0,8845 0,9325 0,93375 0,81625 0,876 0,9055 0,90275 0,88475 0,8505 0,816 0,834 0,7715 0,93475 0,99225 0,9529999 0,93525 0,91225 0,909 0,94475 0,975 0,96025 0,867 0,826 0,861 0,88925 0,92725 0,922 0,89575 0,88625 0,87675 0,87525 0,896 0,9145 0,9225 0,92525 0,9245 0,9225 0,91625 0,90175 0,90275 0,92 0,91425 0,89275 0,8865 0,87375 0,8505 0,883 0,896 0,89875
0,87825 0,8405 0,8315 0,9625 0,89175 0,9015 0,89525 0,89325 0,902 0,901 0,88125 0,861 0,8385 0,816 0,78 0,811 0,9555 0,87525 0,83425 0,8725 0,8595 0,82625 0,9525 0,92575 0,836 0,87675 0,903 0,898 0,8695 0,82975 0,81175 0,81425 0,81325 0,9895 0,9885 0,98125 0,94725 0,92625 0,96 0,95775 0,90675 0,86575 0,84675 0,852 0,8685 0,86475 0,8865 0,9025 0,9185 0,9105 0,889 0,8765 0,904 0,918 0,92275 0,92425 0,92325 0,9195 0,908 0,917 0,912 0,91325 0,903 0,86075 0,8635 0,8975 0,8825 0,92 0,915 0,89625
0,884 0,86925 0,8835 0,956 0,892 0,903 0,91025 0,909 0,9015 0,89325 0,884 0,87475 0,8635 0,85275 0,8415 0,83225 0,986 0,8485 0,8255 0,84875 0,813 0,82275 0,956 0,865 0,839 0,86825 0,8895 0,882 0,8465 0,82025 0,84675 0,877 0,94025 0,977 0,9555 0,94825 0,8855 0,88325 0,87775 0,8755 0,90525 0,9015 0,8865 0,875 0,86525 0,87475 0,889 0,9035 0,9065 0,9005 0,8845 0,88925 0,91225 0,91975 0,923 0,922 0,91925 0,90925 0,8975 0,91875 0,91625 0,91475 0,89525 0,8765 0,91425 0,9045 0,92775 0,97125 0,9395 0,92025
0,903 0,88275 0,9285 0,95 0,9015 0,9005 0,9035 0,8865 0,878 0,87725 0,86625 0,86675 0,855 0,852 0,86975 0,91925 0,94525 0,801 0,8335 0,8285 0,8214999 0,933 0,953 0,9195 0,88575 0,875 0,87625 0,8625 0,82125 0,8425 0,926 0,969 0,9595 0,947 0,94525 0,94925 0,93175 0,911 0,89625 0,89975 0,91725 0,92425 0,9135 0,90725 0,9 0,89275 0,89425 0,903 0,907 0,89725 0,8765 0,908 0,9175 0,922 0,92425 0,92175 0,91325 0,894 0,90275 0,92175 0,92525 0,9195 0,90975 0,918 0,9295 0,91575 0,90325 0,93775 0,93075 0,90175
0,922 0,89925 0,968 0,92525 0,906 0,90275 0,9105 0,9235 0,909 0,88525 0,87675 0,86 0,8365 0,856 0,9195 0,9605 0,8445 0,80775 0,8215 0,80575 0,908 0,9665 0,88475 0,902 0,90325 0,90175 0,89275 0,8555 0,84275 0,93325 0,98725 0,94325 0,91025 0,921 0,936 0,94975 0,96 0,9545 0,92775 0,9035 0,91 0,916 0,92625 0,9265 0,92375 0,9065 0,89125 0,8995 0,897 0,8745 0,89475 0,91325 0,92 0,92325 0,92225 0,9175 0,90675 0,9 0,91 0,91725 0,9085 0,90725 0,90975 0,92525 0,92825 0,92325 0,92925 0,913 0,89175 0,965
0,90575 0,90225 0,9725 0,89325 0,90325 0,92375 0,94725 0,93275 0,91075 0,88725 0,8505 0,84075 0,82425 0,84925 0,9725 0,88275 0,7905 0,811 0,79625 0,825 0,94425 0,9255 0,8675 0,902 0,918 0,91725 0,89525 0,9025 0,96025 0,973 0,9465 0,889 0,9095 0,91525 0,92825 0,94025 0,94725 0,95275 0,9705 0,94875 0,89225 0,8845 0,912 0,91925 0,92475 0,90675 0,854 0,87275 0,89275 0,88825 0,90275 0,9165 0,92225 0,92375 0,92075 0,91325 0,9025 0,90075 0,90075 0,90725 0,902 0,8935 0,91925 0,93825 0,9375 0,939 0,937 0,90975 0,90425 0,9885
0,88675 0,8795 0,9725 0,93225 0,9575 0,98025 0,9785 0,97675 0,97225 0,94225 0,908 0,899 0,871 0,9265 0,98075 0,8705 0,813 0,7875 0,75 0,841 0,93825 0,9005 0,878 0,9055 0,92225 0,9265 0,93425 0,96725 0,944 0,91075 0,894 0,8985 0,91275 0,9155 0,9245 0,9365 0,94475 0,93625 0,9125 0,959 0,9665 0,93325 0,9325 0,93425 0,9245 0,892 0,8965 0,882 0,88025 0,871 0,90675 0,92025 0,92475 0,924 0,918 0,90925 0,901 0,89725 0,8865 0,89125 0,89575 0,926 0,93825 0,937 0,93725 0,93825 0,92725 0,90225 0,96675 0,92825
0,88775 0,869 0,98 0,978 0,92225 0,88625 0,90775 0,92375 0,92675 0,895 0,96525 0,973 0,94725 0,94125 0,97775 0,964 0,93975 0,86075 0,79425 0,93525 0,94575 0,87875 0,88175 0,913 0,9375 0,95175 0,9625 0,943 0,92175 0,92375 0,9045 0,9075 0,91625 0,9245 0,9265 0,93375 0,93925 0,93275 0,91175 0,87425 0,9145 0,93975 0,96025 0,95825 0,9595 0,96075 0,94775 0,92025 0,90375 0,88275 0,9205 0,92625 0,92675 0,923 0,914 0,905 0,8975 0,88825 0,876 0,86825 0,85525 0,9065 0,92 0,91075 0,91625 0,9225 0,91 0,9085 0,98725 0,88275
0,918 0,953 0,99225 0,87925 0,84825 0,8575 0,875 0,86625 0,8745 0,85175 0,868 0,88075 0,832 0,88275 0,9115 0,8955 0,87975 0,91475 0,94375 0,99325 0,90325 0,87875 0,88525 0,9125 0,92175 0,937 0,939 0,934 0,927 0,92925 0,903 0,90275 0,91275 0,92475 0,9365 0,941 0,942 0,92925 0,91825 0,88825 0,85675 0,89425 0,94025 0,91875 0,93975 0,944 0,93375 0,93225 0,9115 0,921 0,92925 0,9285 0,926 0,9205 0,9105 0,89825 0,892 0,89225 0,8835 0,8575 0,84425 0,88825 0,8935 0,862 0,9005 0,90075 0,909 0,962 0,9885 0,9505
0,99025 0,98575 0,94275 0,853 0,87775 0,902 0,87775 0,8575 0,861 0,86025 0,8815 0,8885 0,84625 0,936 0,92 0,8935 0,82025 0,805 0,927 0,98125 0,82325 0,841 0,83325 0,87575 0,90725 0,92575 0,928 0,9345 0,93475 0,9295 0,902 0,92075 0,928 0,9295 0,9335 0,94275 0,946 0,93775 0,92925 0,91925 0,89325 0,90075 0,93125 0,9425 0,935 0,935 0,9255 0,92675 0,926 0,93025 0,92875 0,9255 0,921 0,91475 0,90175 0,89225 0,89 0,8865 0,88825 0,85625 0,8285 0,8945 0,94175 0,962 0,98825 0,98725 0,98825 0,9975 0,99425 0,98175
0,85125 0,85 0,872 0,8635 0,908 0,91875 0,87275 0,8765 0,8735 0,8575 0,896 0,8735 0,889 0,94475 0,924 0,8945 0,8235 0,76275 0,8595 0,9905 0,88575 0,853 0,847 0,87725 0,89725 0,91825 0,92275 0,92675 0,9375 0,93575 0,92075 0,93125 0,93575 0,93625 0,9385 0,94175 0,9435 0,938 0,92925 0,921 0,9005 0,90975 0,92575 0,93075 0,92525 0,91725 0,9135 0,93 0,93375 0,93025 0,92475 0,9195 0,912 0,90075 0,88975 0,883 0,88125 0,8805 0,8865 0,86175 0,82475 0,883 0,989 0,9955 0,98975 0,997 0,98975 0,92275 0,9255 0,94875
0,7995 0,77075 0,7585 0,793 0,86375 0,909 0,8815 0,89475 0,88875 0,8745 0,90625 0,898 0,92375 0,941 0,93 0,902 0,83975 0,772 0,86025 0,99425 0,976 0,914 0,865 0,89825 0,9175 0,8965 0,88375 0,908 0,9305 0,94 0,93975 0,92875 0,9365 0,94075 0,9445 0,945 0,94575 0,93875 0,93575 0,92625 0,918 0,92025 0,92225 0,929 0,93075 0,92925 0,93325 0,9345 0,931 0,9245 0,9175 0,909 0,896 0,881 0,874 0,86975 0,86775 0,86575 0,8965 0,868 0,8375 0,86625 0,9935 0,98075 0,9695 0,987 0,933 0,89725 0,93275 0,936
0,8395 0,76 0,76075 0,751 0,77975 0,834 0,86025 0,89325 0,8995 0,87625 0,914 0,93925 0,94525 0,9465 0,9375 0,91775 0,8695 0,829 0,89725 0,98575 0,953 0,83225 0,80575 0,86425 0,918 0,94325 0,90525 0,88725 0,8975 0,931 0,9425 0,92975 0,9345 0,94475 0,94875 0,94975 0,95 0,9465 0,942 0,93875 0,93425 0,935 0,93775 0,93975 0,9395 0,9365 0,9345 0,9305 0,92375 0,9165 0,9055 0,89225 0,874 0,8605 0,85925 0,85475 0,8585 0,886 0,906 0,87775 0,8795 0,943 0,9915 0,908 0,92525 0,9655 0,928 0,925 0,939 0,95175
0,8245 0,74875 0,7735 0,782 0,79675 0,831 0,852 0,84825 0,85525 0,907 0,91675 0,92925 0,94475 0,94825 0,941 0,932 0,906 0,90325 0,8655 0,9005 0,97625 0,87625 0,8325 0,87275 0,91875 0,9415 0,95275 0,93825 0,85625 0,90625 0,938 0,94375 0,943 0,94725 0,95 0,9525 0,95275 0,9445 0,94375 0,944 0,9425 0,939 0,93825 0,93825 0,93625 0,93375 0,92925 0,92225 0,9125 0,9025 0,8885 0,87225 0,8565 0,834 0,84 0,86575 0,88425 0,896 0,90925 0,88725 0,8905 0,99075 0,9765 0,91375 0,92075 0,94975 0,9515 0,94775 0,95575 0,955
0,84625 0,79175 0,79925 0,80775 0,818 0,825 0,8215 0,79425 0,82725 0,903 0,91075 0,88775 0,87575 0,93325 0,93975 0,94225 0,9415 0,933 0,9015 0,88425 0,94575 0,9625 0,86975 0,86425 0,913 0,941 0,956 0,9555 0,92675 0,893 0,9275 0,94025 0,9475 0,9525 0,94925 0,94925 0,95225 0,94725 0,94475 0,944 0,9415 0,9385 0,93675 0,93525 0,9315 0,92725 0,9195 0,9095 0,897 0,88625 0,8755 0,86425 0,84725 0,81725 0,83425 0,85475 0,92975 0,923 0,9195 0,9135 0,94425 0,9765 0,97625 0,95375 0,95825 0,969 0,974 0,96825 0,966 0,956
0,87775 0,8425 0,81825 0,81725 0,8345 0,84125 0,81025 0,761 0,8145 0,8705 0,861 0,851 0,82475 0,862 0,87175 0,93475 0,9535 0,95425 0,94175 0,928 0,92525 0,9205 0,82975 0,86125 0,90575 0,93725 0,955 0,958 0,94025 0,91475 0,91275 0,9220001 0,9485 0,95625 0,9405 0,93725 0,9475 0,9485 0,94725 0,944 0,93975 0,93525 0,93175 0,92825 0,92025 0,9105 0,89975 0,887 0,8805 0,8755 0,86975 0,85825 0,83525 0,81975 0,8625 0,95175 0,9785 0,95825 0,94625 0,974 0,984 0,97625 0,96575 0,95125 0,97025 0,981 0,9845 0,97025 0,96025 0,96375
0,9005 0,852 0,828 0,833 0,84925 0,8545 0,826 0,78425 0,757 0,86675 0,828 0,80075 0,77425 0,789 0,848 0,90325 0,9295 0,95725 0,96 0,96025 0,96025 0,85375 0,839 0,8805 0,90525 0,9335 0,9505 0,95975 0,9635 0,95575 0,91975 0,9155 0,95025 0,9585 0,923 0,9205 0,93925 0,94575 0,94775 0,9435 0,938 0,9335 0,9265 0,91775 0,89575 0,881 0,8825 0,87525 0,8625 0,865 0,85725 0,848 0,826 0,8575 0,93475 0,99025 0,996 0,98825 0,976 0,97325 0,96775 0,95325 0,8995 0,91375 0,91325 0,969 0,9875 0,95825 0,92025 0,943
0,91425 0,908 0,87275 0,858 0,85725 0,8585 0,82925 0,80575 0,77275 0,79125 0,78475 0,76475 0,725 0,79225 0,86075 0,88225 0,9605 0,953 0,95625 0,96825 0,96275 0,946 0,80725 0,859 0,9005 0,92775 0,94275 0,954 0,96575 0,96675 0,9635 0,9575 0,9575 0,96 0,934 0,91825 0,92875 0,938 0,94125 0,93025 0,9255 0,923 0,91675 0,90725 0,89175 0,8985 0,89275 0,884 0,86825 0,87625 0,85775 0,834 0,80425 0,9595 0,98925 0,9565 0,901 0,904 0,892 0,923 0,93825 0,937 0,854 0,882 0,8635 0,89075 0,979 0,93975 0,899 0,91825
0,87425 0,92625 0,9205 0,88675 0,86225 0,85475 0,83725 0,8305 0,81325 0,794 0,7625 0,727 0,699 0,834 0,91025 0,97 0,944 0,95425 0,939 0,9535 0,956 0,96725 0,9085 0,78975 0,85875 0,90925 0,93025 0,94075 0,958 0,96475 0,9685 0,9595 0,949 0,94675 0,913 0,8825 0,89175 0,912 0,923 0,90225 0,90825 0,9165 0,917 0,9265 0,91675 0,89125 0,8815 0,88425 0,877 0,8675 0,84375 0,88225 0,96175 0,9925 0,96175 0,9095 0,89525 0,90575 0,8715 0,877 0,88575 0,9075 0,89875 0,87775 0,83075 0,81975 0,9635 0,95975 0,9135 0,9325
0,8135 0,91925 0,92875 0,91925 0,88825 0,86225 0,85275 0,851 0,839 0,81 0,77975 0,8175 0,811 0,9225 0,95075 0,95175 0,9025 0,95075 0,93875 0,91325 0,93375 0,8935 0,992 0,9255 0,925 0,94225 0,95975 0,964 0,95 0,965 0,96425 0,9485 0,93775 0,93525 0,90075 0,853 0,86025 0,8995 0,91825 0,92875 0,945 0,94475 0,9385 0,93 0,89825 0,8675 0,90875 0,93725 0,9515 0,95 0,97525 0,99075 0,99275 0,9105 0,9135 0,9225 0,922 0,91575 0,8755 0,87675 0,883 0,8695 0,888 0,86925 0,83775 0,81425 0,94325 0,9565 0,94375 0,9445
0,84075 0,8365 0,922 0,924 0,89425 0,877 0,86375 0,85925 0,84375 0,81525 0,78775 0,85075 0,89125 0,82275 0,92875 0,8815 0,90125 0,94225 0,9385 0,8935 0,89125 0,849 0,94575 0,9275 0,905 0,882 0,87575 0,92775 0,96675 0,97475 0,971 0,9625 0,975 0,98425 0,983 0,98775 0,98175 0,97575 0,97625 0,97025 0,9595 0,95625 0,93925 0,9135 0,884 0,9375 0,978 0,94225 0,9335 0,94275 0,96875 0,843 0,89025 0,92 0,88925 0,88475 0,93825 0,914 0,88875 0,889 0,88575 0,873 0,8565 0,84525 0,82725 0,83225 0,9505 0,961 0,9605 0,95325
0,87025 0,832 0,87475 0,916 0,90025 0,89275 0,8725 0,8595 0,83975 0,793 0,75575 0,8205 0,776 0,8255 0,9625 0,8815 0,92125 0,9415 0,9405 0,91575 0,89075 0,86475 0,90675 0,92675 0,8635 0,90975 0,8225 0,84 0,86875 0,898 0,9155 0,9625 0,94175 0,93475 0,89575 0,92625 0,97925 0,9345 0,9705 0,9775 0,9625 0,96 0,93675 0,9255 0,96125 0,99425 0,93225 0,86875 0,82875 0,852 0,95 0,8565 0,89475 0,9295 0,91625 0,9025 0,934 0,881 0,89025 0,90875 0,886 0,8805 0,8665 0,849 0,82025 0,82475 0,93575 0,9465 0,965 0,9595
0,894 0,8985 0,91075 0,918 0,91125 0,898 0,88325 0,871 0,853 0,819 0,7865 0,77975 0,81775 0,82825 0,942 0,9005 0,93725 0,95075 0,95 0,9375 0,919 0,89775 0,88525 0,9645 0,868 0,9205 0,85425 0,85875 0,84725 0,82225 0,78375 0,8025 0,83025 0,854 0,92 0,85775 0,92575 0,92725 0,917 0,97075 0,97625 0,9885 0,978 0,98525 0,9915 0,974 0,91425 0,8855 0,87575 0,877 0,94575 0,929 0,92 0,9275 0,9355 0,915 0,944 0,9075 0,897 0,90675 0,9015 0,897 0,888 0,87075 0,84275 0,778 0,84225 0,9415 0,96775 0,96825
0,8915 0,906 0,92275 0,9225 0,91425 0,8995 0,893 0,8805 0,8635 0,831 0,78075 0,8075 0,909 0,78875 0,90175 0,913 0,91675 0,93675 0,958 0,94875 0,939 0,9325 0,93625 0,9535 0,8235 0,8665 0,87275 0,86125 0,8805 0,872 0,84225 0,83625 0,82675 0,805 0,84825 0,8675 0,9 0,90275 0,8955 0,831 0,8845 0,9425 0,87075 0,89225 0,90175 0,93725 0,90275 0,911 0,92125 0,91825 0,89 0,905 0,913 0,93225 0,93875 0,929 0,9255 0,92425 0,8985 0,90375 0,90425 0,9055 0,9025 0,88275 0,84325 0,79975 0,86225 0,92825 0,95225 0,94075
0,86575 0,9095 0,9085 0,91775 0,91825 0,9005 0,9 0,894 0,8845 0,86825 0,828 0,82325 0,86875 0,82175 0,8385 0,86425 0,86275 0,89675 0,95075 0,9425 0,91975 0,92075 0,94225 0,97025 0,84725 0,86575 0,88025 0,86875 0,8865 0,88725 0,88525 0,878 0,86825 0,84475 0,82725 0,847 0,90475 0,9015 0,851 0,8085 0,824 0,903 0,8885 0,88025 0,897 0,94275 0,9095 0,91775 0,9465 0,94525 0,919 0,89175 0,898 0,91425 0,9195 0,944 0,942 0,93825 0,932 0,90125 0,89525 0,8965 0,89425 0,869 0,8355 0,84125 0,854 0,861 0,893 0,94125
0,878 0,88925 0,841 0,9065 0,91775 0,904 0,902 0,897 0,89625 0,89375 0,901 0,89575 0,89625 0,88625 0,87875 0,88425 0,876 0,87825 0,92625 0,93075 0,9125 0,889 0,91475 0,979 0,87425 0,88725 0,888 0,88725 0,89775 0,90175 0,9035 0,89875 0,8855 0,873 0,87075 0,8685 0,87225 0,888 0,837 0,83675 0,83125 0,868 0,8895 0,89325 0,883 0,91125 0,91325 0,93925 0,954 0,95925 0,95375 0,93825 0,92575 0,927 0,9355 0,90575 0,904 0,9415 0,95175 0,93175 0,914 0,883 0,866 0,842 0,81375 0,86325 0,84025 0,82125 0,905 0,9425
0,893 0,86425 0,87525 0,904 0,88575 0,89775 0,8945 0,8875 0,88925 0,906 0,91275 0,9165 0,91725 0,9145 0,9145 0,91175 0,9055 0,90425 0,90975 0,91575 0,91225 0,89725 0,92175 0,9815 0,905 0,90275 0,902 0,8995 0,904 0,9095 0,91325 0,91275 0,9015 0,882 0,89425 0,8875 0,87875 0,8705 0,855 0,856 0,84875 0,85375 0,84175 0,8425 0,87575 0,86725 0,89825 0,93625 0,9245 0,9465 0,964 0,93675 0,917 0,9315 0,9405 0,9385 0,9295 0,939 0,951 0,95025 0,94525 0,924 0,872 0,81925 0,812 0,8415 0,82775 0,85425 0,92425 0,94275
0,85925 0,845 0,898 0,90075 0,86925 0,87525 0,8925 0,88675 0,90225 0,9185 0,91075 0,9105 0,916 0,9175 0,91875 0,9115 0,9075 0,907 0,90825 0,90525 0,901 0,898 0,94425 0,93825 0,85475 0,89825 0,90625 0,906 0,909 0,91175 0,91425 0,91475 0,912 0,89275 0,894 0,8845 0,88675 0,88075 0,87375 0,86075 0,856 0,8625 0,86375 0,86475 0,88375 0,888 0,9165 0,9325 0,93675 0,95 0,9595 0,95675 0,92225 0,92725 0,942 0,9485 0,92925 0,8995 0,95025 0,934 0,90575 0,92 0,88075 0,81625 0,8065 0,80725 0,84975 0,91275 0,93375 0,93825
0,79825 0,847 0,8985 0,8595 0,87775 0,89425 0,906 0,90675 0,90775 0,903 0,887 0,896 0,8955 0,89625 0,89575 0,88725 0,891 0,893 0,8915 0,886 0,88525 0,875 0,94175 0,87075 0,825 0,87975 0,89975 0,9085 0,91125 0,91425 0,918 0,9175 0,918 0,90725 0,864 0,87275 0,88 0,882 0,87825 0,86175 0,85475 0,857 0,85775 0,857 0,8715 0,89125 0,90725 0,912 0,9435 0,95525 0,95775 0,956 0,896 0,9115 0,94625 0,952 0,93675 0,873 0,87275 0,90075 0,9065 0,90825 0,88725 0,82175 0,80125 0,797 0,91825 0,90675 0,904 0,91775
0,7665 0,8245 0,8275 0,88075 0,911 0,916 0,91925 0,9115 0,895 0,86925 0,8415 0,87 0,9015 0,9035 0,8675 0,84775 0,859 0,86975 0,87275 0,861 0,85125 0,84725 0,96225 0,913 0,8685 0,86725 0,893 0,9095 0,91525 0,91775 0,9215 0,921 0,92075 0,90275 0,86775 0,87925 0,887 0,888 0,88375 0,868 0,8525 0,84175 0,83625 0,846 0,85125 0,85825 0,854 0,853 0,84975 0,959 0,966 0,96125 0,89725 0,91875 0,94425 0,94025 0,93625 0,88825 0,88075 0,902 0,90525 0,9025 0,871 0,829 0,789 0,7835 0,89525 0,90375 0,8665 0,851
0,776 0,803 0,81625 0,87825 0,888 0,87475 0,901 0,88875 0,866 0,8395 0,82625 0,8195 0,81475 0,914 0,8905 0,86925 0,943 0,919 0,903 0,9055 0,95725 0,9885 0,99275 0,8815 0,8525 0,87475 0,8955 0,90575 0,91025 0,91675 0,91825 0,92 0,9205 0,919 0,90925 0,89125 0,89675 0,897 0,8835 0,855 0,8575 0,84425 0,83925 0,83775 0,8345 0,818 0,8105 0,7985 0,801 0,88 0,963 0,94975 0,81575 0,8795 0,8855 0,89075 0,90775 0,87625 0,9005 0,91625 0,92 0,9035 0,87625 0,8295 0,78075 0,853 0,8465 0,8435 0,82775 0,82275
