rofental/data/rofental/svf_rofental_50.asc
ncols         644
nrows         451
xllcorner     622802,488
yllcorner     5177999,379
cellsize      50
NODATA_value  -9999
[rows 34 to 67 of 451, columns 156 to 233 of 644]
0,866 0,869 0,864 0,85 0,846 0,84 0,851 0,854 0,859 0,863 0,865 0,872 0,891 0,904 0,92 0,924 0,925 0,915 0,916 0,916 0,911 0,912 0,908 0,886 0,876 0,863 0,837 0,823 0,824 0,814 0,818 0,835 0,856 0,871 0,878 0,88 0,879 0,878 0,876 0,873 0,871 0,863 0,855 0,841 0,827 0,824 0,828 0,823 0,824 0,818 0,817 0,87 0,872 0,893 0,894 0,885 0,892 0,892 0,907 0,927 0,927 0,93 0,927 0,923 0,912 0,901 0,892 0,881 0,872 0,857 0,835 0,851 0,892 0,898 0,901 0,914 0,915 0,913
0,853 0,856 0,847 0,84 0,836 0,84 0,854 0,861 0,863 0,865 0,864 0,869 0,888 0,904 0,915 0,92 0,921 0,914 0,908 0,904 0,906 0,915 0,908 0,882 0,859 0,848 0,834 0,821 0,798 0,805 0,819 0,845 0,863 0,873 0,877 0,879 0,878 0,876 0,876 0,872 0,868 0,862 0,851 0,838 0,818 0,813 0,823 0,82 0,821 0,827 0,824 0,846 0,847 0,872 0,884 0,873 0,892 0,889 0,902 0,916 0,924 0,925 0,92 0,915 0,907 0,898 0,892 0,883 0,874 0,867 0,849 0,831 0,869 0,88 0,884 0,89 0,899 0,901
0,842 0,841 0,837 0,845 0,848 0,856 0,864 0,87 0,875 0,878 0,879 0,885 0,895 0,901 0,907 0,904 0,895 0,885 0,894 0,899 0,904 0,914 0,903 0,864 0,85 0,841 0,836 0,834 0,814 0,813 0,829 0,848 0,862 0,873 0,875 0,877 0,877 0,877 0,875 0,872 0,868 0,86 0,849 0,837 0,824 0,819 0,823 0,813 0,828 0,829 0,822 0,838 0,838 0,852 0,875 0,87 0,871 0,882 0,895 0,902 0,916 0,916 0,909 0,897 0,895 0,891 0,886 0,877 0,874 0,867 0,858 0,851 0,85 0,878 0,876 0,865 0,864 0,888
0,824 0,834 0,836 0,845 0,853 0,855 0,862 0,87 0,875 0,88 0,883 0,888 0,893 0,895 0,898 0,892 0,89 0,89 0,896 0,905 0,909 0,912 0,881 0,85 0,842 0,838 0,84 0,836 0,829 0,824 0,836 0,853 0,864 0,873 0,875 0,877 0,877 0,876 0,875 0,868 0,865 0,858 0,845 0,834 0,827 0,826 0,828 0,82 0,813 0,828 0,819 0,83 0,834 0,855 0,862 0,862 0,861 0,864 0,874 0,888 0,908 0,908 0,898 0,888 0,884 0,872 0,869 0,866 0,865 0,865 0,86 0,859 0,86 0,861 0,862 0,858 0,861 0,887
0,829 0,835 0,838 0,844 0,848 0,852 0,858 0,865 0,872 0,878 0,88 0,882 0,884 0,882 0,884 0,889 0,891 0,894 0,898 0,907 0,908 0,913 0,895 0,867 0,836 0,837 0,839 0,831 0,834 0,831 0,842 0,853 0,865 0,872 0,874 0,876 0,875 0,874 0,874 0,869 0,864 0,855 0,844 0,832 0,824 0,824 0,824 0,817 0,819 0,819 0,838 0,832 0,814 0,815 0,821 0,829 0,826 0,84 0,854 0,859 0,876 0,896 0,888 0,867 0,867 0,854 0,857 0,854 0,857 0,862 0,86 0,861 0,864 0,863 0,861 0,863 0,869 0,885
0,831 0,835 0,838 0,84 0,845 0,848 0,856 0,859 0,866 0,869 0,871 0,868 0,871 0,871 0,877 0,883 0,891 0,892 0,897 0,895 0,895 0,886 0,796 0,798 0,809 0,803 0,813 0,832 0,824 0,826 0,841 0,856 0,865 0,872 0,872 0,874 0,875 0,873 0,871 0,867 0,861 0,853 0,841 0,823 0,813 0,83 0,824 0,825 0,824 0,812 0,832 0,84 0,828 0,812 0,803 0,811 0,818 0,837 0,847 0,852 0,867 0,875 0,888 0,887 0,874 0,84 0,842 0,844 0,85 0,861 0,861 0,863 0,864 0,864 0,865 0,868 0,872 0,877
0,837 0,841 0,843 0,846 0,847 0,852 0,856 0,858 0,858 0,859 0,855 0,859 0,865 0,871 0,879 0,886 0,892 0,898 0,902 0,908 0,911 0,905 0,878 0,868 0,857 0,842 0,845 0,836 0,828 0,824 0,843 0,855 0,864 0,869 0,872 0,872 0,871 0,87 0,868 0,865 0,859 0,85 0,835 0,805 0,8 0,83 0,829 0,823 0,821 0,814 0,828 0,827 0,834 0,821 0,81 0,804 0,805 0,806 0,817 0,847 0,845 0,892 0,909 0,911 0,885 0,835 0,824 0,834 0,845 0,854 0,86 0,861 0,862 0,863 0,864 0,868 0,868 0,87
0,846 0,85 0,854 0,854 0,853 0,865 0,869 0,865 0,867 0,854 0,857 0,869 0,877 0,878 0,882 0,887 0,893 0,898 0,903 0,907 0,908 0,911 0,888 0,869 0,856 0,847 0,846 0,84 0,826 0,831 0,843 0,856 0,864 0,868 0,87 0,871 0,87 0,869 0,867 0,862 0,857 0,846 0,832 0,798 0,796 0,832 0,835 0,827 0,814 0,807 0,796 0,824 0,835 0,834 0,82 0,814 0,808 0,824 0,831 0,828 0,853 0,907 0,931 0,925 0,884 0,832 0,815 0,826 0,838 0,853 0,855 0,858 0,859 0,862 0,867 0,869 0,868 0,868
0,857 0,858 0,864 0,863 0,869 0,871 0,876 0,881 0,882 0,872 0,875 0,877 0,878 0,876 0,879 0,881 0,887 0,896 0,899 0,895 0,895 0,895 0,872 0,85 0,84 0,848 0,856 0,853 0,838 0,836 0,843 0,852 0,862 0,867 0,869 0,871 0,87 0,869 0,866 0,862 0,854 0,844 0,828 0,813 0,833 0,835 0,839 0,835 0,826 0,82 0,806 0,824 0,861 0,855 0,86 0,837 0,82 0,86 0,835 0,881 0,878 0,921 0,961 0,945 0,902 0,856 0,82 0,821 0,834 0,848 0,854 0,854 0,856 0,859 0,86 0,861 0,864 0,866
0,865 0,868 0,871 0,872 0,873 0,874 0,879 0,882 0,882 0,879 0,874 0,87 0,868 0,867 0,872 0,875 0,882 0,89 0,889 0,892 0,887 0,868 0,845 0,832 0,833 0,839 0,848 0,847 0,829 0,832 0,844 0,853 0,862 0,864 0,867 0,868 0,868 0,866 0,864 0,859 0,852 0,842 0,823 0,816 0,83 0,833 0,835 0,829 0,822 0,824 0,802 0,808 0,881 0,89 0,881 0,853 0,856 0,862 0,877 0,901 0,893 0,936 0,969 0,964 0,939 0,87 0,829 0,823 0,834 0,848 0,85 0,853 0,85 0,855 0,856 0,854 0,859 0,861
0,867 0,87 0,873 0,876 0,876 0,876 0,878 0,874 0,874 0,871 0,869 0,862 0,856 0,856 0,857 0,861 0,873 0,881 0,886 0,882 0,869 0,852 0,827 0,819 0,827 0,837 0,839 0,83 0,818 0,824 0,841 0,851 0,859 0,862 0,865 0,866 0,866 0,864 0,861 0,857 0,849 0,834 0,823 0,814 0,8 0,81 0,825 0,824 0,819 0,819 0,8 0,819 0,888 0,901 0,89 0,862 0,865 0,89 0,894 0,902 0,89 0,904 0,957 0,969 0,962 0,923 0,862 0,837 0,83 0,84 0,851 0,848 0,848 0,851 0,844 0,849 0,851 0,854
0,868 0,87 0,876 0,878 0,879 0,876 0,874 0,87 0,869 0,866 0,865 0,856 0,85 0,85 0,856 0,868 0,868 0,882 0,883 0,868 0,87 0,85 0,816 0,815 0,819 0,829 0,831 0,825 0,825 0,829 0,839 0,85 0,858 0,861 0,863 0,865 0,865 0,862 0,86 0,856 0,848 0,83 0,815 0,806 0,817 0,795 0,813 0,808 0,812 0,821 0,836 0,837 0,87 0,897 0,887 0,866 0,861 0,872 0,871 0,863 0,846 0,861 0,917 0,96 0,963 0,955 0,918 0,876 0,844 0,852 0,845 0,866 0,863 0,848 0,849 0,843 0,846 0,847
0,867 0,871 0,876 0,878 0,874 0,872 0,873 0,868 0,867 0,865 0,861 0,856 0,861 0,857 0,882 0,903 0,898 0,893 0,878 0,888 0,872 0,846 0,829 0,828 0,835 0,835 0,825 0,823 0,825 0,821 0,836 0,847 0,854 0,859 0,861 0,861 0,863 0,861 0,858 0,852 0,844 0,836 0,808 0,816 0,836 0,84 0,802 0,809 0,817 0,824 0,847 0,857 0,873 0,876 0,869 0,852 0,845 0,839 0,824 0,813 0,81 0,811 0,822 0,89 0,926 0,947 0,953 0,94 0,884 0,862 0,865 0,88 0,878 0,856 0,857 0,843 0,841 0,839
0,866 0,869 0,876 0,876 0,869 0,867 0,868 0,864 0,864 0,863 0,858 0,857 0,862 0,869 0,896 0,916 0,921 0,916 0,913 0,91 0,874 0,826 0,84 0,842 0,836 0,82 0,814 0,824 0,826 0,824 0,833 0,844 0,853 0,857 0,859 0,861 0,861 0,858 0,857 0,851 0,842 0,837 0,839 0,836 0,843 0,853 0,848 0,841 0,837 0,834 0,871 0,866 0,845 0,84 0,844 0,827 0,807 0,816 0,822 0,799 0,784 0,78 0,779 0,796 0,865 0,914 0,947 0,949 0,906 0,893 0,881 0,897 0,879 0,871 0,858 0,839 0,833 0,832
0,861 0,864 0,874 0,871 0,862 0,861 0,866 0,858 0,862 0,858 0,858 0,861 0,868 0,884 0,916 0,928 0,935 0,932 0,935 0,93 0,882 0,844 0,843 0,846 0,83 0,814 0,816 0,826 0,826 0,822 0,829 0,842 0,849 0,853 0,856 0,859 0,859 0,857 0,854 0,847 0,841 0,835 0,84 0,852 0,847 0,851 0,863 0,864 0,848 0,857 0,866 0,858 0,847 0,85 0,843 0,824 0,806 0,828 0,856 0,859 0,845 0,82 0,829 0,846 0,855 0,891 0,941 0,949 0,93 0,906 0,887 0,896 0,884 0,877 0,864 0,84 0,825 0,828
0,85 0,856 0,864 0,864 0,846 0,85 0,853 0,848 0,852 0,84 0,858 0,856 0,87 0,906 0,937 0,939 0,942 0,934 0,935 0,928 0,901 0,863 0,863 0,847 0,827 0,835 0,815 0,826 0,824 0,811 0,824 0,838 0,848 0,852 0,855 0,857 0,856 0,856 0,853 0,845 0,84 0,839 0,845 0,832 0,832 0,867 0,869 0,863 0,849 0,847 0,868 0,86 0,851 0,842 0,859 0,844 0,862 0,856 0,868 0,888 0,887 0,892 0,89 0,894 0,914 0,924 0,942 0,964 0,946 0,914 0,884 0,896 0,885 0,871 0,866 0,845 0,847 0,829
0,837 0,839 0,855 0,855 0,831 0,834 0,841 0,836 0,843 0,859 0,885 0,9 0,934 0,945 0,944 0,934 0,933 0,927 0,929 0,922 0,887 0,882 0,864 0,857 0,845 0,82 0,823 0,827 0,814 0,805 0,819 0,838 0,845 0,85 0,854 0,856 0,855 0,855 0,85 0,843 0,82 0,822 0,822 0,825 0,834 0,839 0,848 0,842 0,839 0,86 0,876 0,878 0,869 0,877 0,877 0,876 0,873 0,867 0,873 0,897 0,891 0,907 0,916 0,933 0,942 0,93 0,944 0,969 0,968 0,948 0,917 0,91 0,897 0,878 0,844 0,847 0,863 0,837
0,822 0,822 0,831 0,841 0,822 0,825 0,822 0,82 0,839 0,872 0,912 0,934 0,944 0,943 0,931 0,922 0,928 0,926 0,923 0,909 0,885 0,844 0,835 0,834 0,832 0,832 0,827 0,829 0,824 0,819 0,823 0,837 0,846 0,849 0,852 0,854 0,854 0,85 0,847 0,838 0,827 0,824 0,832 0,82 0,818 0,839 0,86 0,864 0,87 0,86 0,881 0,883 0,877 0,878 0,875 0,869 0,865 0,863 0,867 0,887 0,877 0,883 0,889 0,91 0,928 0,931 0,945 0,963 0,961 0,952 0,942 0,935 0,927 0,888 0,851 0,855 0,858 0,839
0,841 0,848 0,835 0,834 0,847 0,833 0,81 0,823 0,862 0,916 0,936 0,913 0,913 0,917 0,903 0,906 0,92 0,92 0,912 0,903 0,866 0,838 0,829 0,819 0,816 0,82 0,828 0,827 0,823 0,829 0,832 0,837 0,845 0,848 0,852 0,853 0,853 0,85 0,845 0,836 0,837 0,832 0,824 0,813 0,818 0,838 0,842 0,844 0,861 0,86 0,875 0,878 0,875 0,86 0,844 0,84 0,837 0,84 0,855 0,861 0,864 0,885 0,903 0,92 0,926 0,931 0,94 0,954 0,948 0,934 0,954 0,944 0,941 0,923 0,904 0,903 0,913 0,914
0,86 0,86 0,831 0,807 0,843 0,884 0,841 0,907 0,91 0,934 0,933 0,907 0,9 0,873 0,875 0,893 0,902 0,9 0,892 0,881 0,87 0,865 0,845 0,835 0,827 0,828 0,831 0,827 0,827 0,832 0,831 0,838 0,842 0,847 0,85 0,85 0,85 0,848 0,844 0,833 0,834 0,833 0,836 0,826 0,827 0,816 0,809 0,803 0,842 0,861 0,872 0,877 0,868 0,85 0,83 0,812 0,839 0,859 0,862 0,879 0,895 0,912 0,908 0,894 0,903 0,91 0,912 0,924 0,93 0,946 0,972 0,977 0,973 0,96 0,955 0,956 0,954 0,954
0,862 0,867 0,824 0,78 0,853 0,911 0,907 0,945 0,953 0,941 0,922 0,904 0,889 0,897 0,872 0,882 0,88 0,878 0,874 0,864 0,861 0,869 0,871 0,858 0,84 0,833 0,835 0,823 0,823 0,832 0,831 0,836 0,841 0,847 0,849 0,848 0,849 0,848 0,843 0,84 0,837 0,827 0,825 0,825 0,849 0,849 0,851 0,876 0,87 0,867 0,877 0,875 0,868 0,854 0,834 0,81 0,872 0,893 0,887 0,903 0,909 0,904 0,881 0,869 0,879 0,881 0,884 0,868 0,893 0,954 0,98 0,979 0,977 0,971 0,962 0,956 0,95 0,95
0,823 0,857 0,809 0,83 0,891 0,94 0,952 0,953 0,945 0,93 0,913 0,899 0,873 0,893 0,895 0,883 0,864 0,848 0,86 0,864 0,843 0,849 0,851 0,856 0,854 0,847 0,844 0,826 0,822 0,83 0,824 0,833 0,841 0,845 0,848 0,848 0,848 0,846 0,84 0,832 0,828 0,825 0,809 0,815 0,874 0,882 0,883 0,878 0,881 0,882 0,883 0,885 0,877 0,864 0,859 0,86 0,897 0,895 0,888 0,894 0,896 0,869 0,852 0,851 0,882 0,885 0,853 0,857 0,883 0,926 0,973 0,977 0,975 0,96 0,955 0,946 0,901 0,863
0,799 0,822 0,814 0,87 0,935 0,959 0,938 0,904 0,909 0,892 0,899 0,89 0,875 0,891 0,902 0,9 0,873 0,85 0,847 0,845 0,836 0,827 0,827 0,834 0,847 0,852 0,847 0,837 0,827 0,826 0,826 0,831 0,838 0,843 0,846 0,848 0,846 0,843 0,837 0,832 0,837 0,835 0,81 0,809 0,872 0,887 0,887 0,885 0,887 0,889 0,891 0,89 0,883 0,878 0,876 0,877 0,894 0,88 0,87 0,872 0,87 0,841 0,841 0,841 0,857 0,838 0,835 0,874 0,915 0,925 0,958 0,934 0,92 0,926 0,903 0,86 0,818 0,782
0,78 0,824 0,903 0,951 0,963 0,934 0,876 0,837 0,828 0,848 0,867 0,875 0,877 0,888 0,895 0,88 0,871 0,862 0,868 0,862 0,853 0,838 0,811 0,804 0,824 0,838 0,844 0,842 0,833 0,825 0,824 0,831 0,837 0,843 0,846 0,846 0,845 0,843 0,835 0,822 0,822 0,839 0,83 0,823 0,873 0,883 0,886 0,886 0,89 0,892 0,892 0,893 0,89 0,882 0,864 0,882 0,878 0,853 0,844 0,852 0,838 0,837 0,837 0,829 0,822 0,829 0,862 0,864 0,865 0,908 0,936 0,903 0,856 0,888 0,866 0,812 0,789 0,779
0,791 0,908 0,968 0,978 0,952 0,912 0,864 0,846 0,817 0,832 0,838 0,834 0,846 0,861 0,855 0,839 0,835 0,852 0,859 0,857 0,843 0,823 0,827 0,828 0,833 0,844 0,845 0,823 0,795 0,815 0,822 0,832 0,836 0,841 0,844 0,844 0,844 0,841 0,834 0,826 0,815 0,814 0,832 0,826 0,849 0,857 0,872 0,886 0,889 0,885 0,887 0,888 0,89 0,879 0,874 0,873 0,862 0,852 0,845 0,849 0,846 0,843 0,841 0,833 0,831 0,838 0,84 0,823 0,81 0,816 0,908 0,883 0,829 0,872 0,849 0,805 0,801 0,785
0,869 0,949 0,974 0,955 0,924 0,901 0,87 0,857 0,835 0,839 0,84 0,831 0,823 0,812 0,814 0,819 0,824 0,834 0,844 0,847 0,849 0,849 0,851 0,852 0,848 0,851 0,85 0,838 0,814 0,792 0,808 0,828 0,836 0,839 0,843 0,843 0,843 0,84 0,835 0,828 0,816 0,808 0,809 0,826 0,834 0,857 0,86 0,855 0,864 0,878 0,867 0,871 0,874 0,883 0,882 0,872 0,866 0,862 0,857 0,851 0,853 0,853 0,849 0,838 0,845 0,833 0,81 0,799 0,785 0,779 0,806 0,805 0,83 0,816 0,842 0,824 0,817 0,799
0,953 0,96 0,941 0,893 0,853 0,85 0,861 0,853 0,841 0,84 0,84 0,828 0,821 0,809 0,816 0,824 0,832 0,844 0,853 0,86 0,86 0,859 0,858 0,854 0,849 0,854 0,852 0,847 0,825 0,805 0,808 0,827 0,835 0,839 0,842 0,843 0,841 0,839 0,831 0,828 0,828 0,826 0,8 0,815 0,866 0,869 0,872 0,88 0,887 0,89 0,886 0,879 0,882 0,883 0,879 0,875 0,866 0,865 0,859 0,86 0,861 0,86 0,85 0,862 0,86 0,844 0,826 0,813 0,809 0,809 0,81 0,813 0,826 0,83 0,845 0,839 0,826 0,806
0,97 0,935 0,903 0,802 0,828 0,814 0,805 0,824 0,831 0,836 0,841 0,838 0,832 0,822 0,815 0,812 0,826 0,841 0,85 0,856 0,86 0,857 0,857 0,852 0,853 0,855 0,856 0,854 0,839 0,826 0,825 0,833 0,835 0,838 0,841 0,841 0,839 0,839 0,829 0,82 0,817 0,818 0,808 0,811 0,87 0,865 0,859 0,865 0,885 0,889 0,886 0,879 0,876 0,869 0,864 0,856 0,846 0,844 0,856 0,863 0,866 0,869 0,863 0,869 0,87 0,859 0,851 0,85 0,847 0,851 0,848 0,846 0,856 0,846 0,851 0,84 0,82 0,805
0,958 0,892 0,878 0,853 0,827 0,817 0,816 0,829 0,841 0,845 0,849 0,849 0,848 0,847 0,846 0,832 0,835 0,834 0,822 0,832 0,841 0,849 0,851 0,851 0,851 0,85 0,85 0,845 0,834 0,837 0,837 0,837 0,836 0,837 0,838 0,84 0,837 0,833 0,823 0,818 0,818 0,825 0,811 0,814 0,82 0,867 0,875 0,868 0,881 0,879 0,877 0,876 0,87 0,855 0,845 0,831 0,816 0,825 0,855 0,866 0,869 0,87 0,867 0,864 0,87 0,873 0,874 0,874 0,877 0,874 0,867 0,865 0,867 0,857 0,845 0,816 0,817 0,817
0,904 0,84 0,826 0,812 0,821 0,818 0,828 0,837 0,835 0,836 0,844 0,843 0,827 0,833 0,834 0,834 0,836 0,836 0,824 0,807 0,821 0,825 0,829 0,826 0,832 0,834 0,822 0,82 0,821 0,833 0,839 0,837 0,834 0,837 0,837 0,838 0,838 0,833 0,821 0,809 0,829 0,843 0,833 0,828 0,835 0,868 0,878 0,887 0,887 0,879 0,877 0,869 0,86 0,854 0,84 0,835 0,849 0,872 0,871 0,863 0,865 0,86 0,848 0,846 0,866 0,87 0,886 0,891 0,889 0,887 0,889 0,89 0,879 0,859 0,829 0,832 0,825 0,825
0,865 0,825 0,826 0,798 0,785 0,806 0,818 0,824 0,828 0,839 0,837 0,849 0,847 0,824 0,812 0,804 0,82 0,825 0,818 0,827 0,828 0,827 0,833 0,832 0,827 0,832 0,827 0,822 0,826 0,832 0,835 0,835 0,835 0,835 0,836 0,836 0,837 0,83 0,815 0,8 0,829 0,847 0,856 0,852 0,841 0,858 0,873 0,886 0,887 0,878 0,883 0,878 0,875 0,865 0,834 0,811 0,876 0,88 0,876 0,873 0,869 0,863 0,85 0,834 0,844 0,862 0,868 0,886 0,89 0,889 0,893 0,895 0,883 0,844 0,836 0,836 0,83 0,83
0,883 0,853 0,813 0,776 0,793 0,807 0,817 0,833 0,839 0,843 0,85 0,856 0,863 0,86 0,84 0,838 0,828 0,827 0,829 0,831 0,836 0,841 0,839 0,836 0,826 0,824 0,817 0,807 0,82 0,826 0,829 0,831 0,832 0,833 0,834 0,833 0,831 0,828 0,814 0,788 0,807 0,832 0,85 0,855 0,855 0,861 0,876 0,886 0,887 0,881 0,885 0,883 0,876 0,865 0,851 0,845 0,836 0,846 0,87 0,875 0,873 0,865 0,854 0,851 0,844 0,844 0,852 0,855 0,87 0,876 0,888 0,885 0,875 0,849 0,845 0,84 0,832 0,827
0,929 0,897 0,842 0,764 0,784 0,796 0,819 0,827 0,84 0,848 0,856 0,864 0,874 0,876 0,866 0,832 0,819 0,814 0,826 0,83 0,83 0,827 0,825 0,827 0,821 0,807 0,811 0,809 0,803 0,814 0,822 0,826 0,831 0,833 0,835 0,833 0,832 0,829 0,818 0,793 0,778 0,798 0,793 0,846 0,839 0,829 0,852 0,875 0,875 0,883 0,893 0,884 0,88 0,873 0,864 0,853 0,84 0,846 0,867 0,875 0,873 0,866 0,856 0,858 0,856 0,852 0,854 0,866 0,878 0,878 0,875 0,878 0,867 0,855 0,848 0,843 0,833 0,827
0,981 0,957 0,917 0,873 0,857 0,85 0,85 0,845 0,845 0,854 0,854 0,866 0,877 0,88 0,865 0,832 0,835 0,807 0,815 0,815 0,811 0,81 0,82 0,819 0,804 0,787 0,796 0,798 0,782 0,795 0,812 0,821 0,826 0,83 0,831 0,832 0,83 0,827 0,821 0,809 0,793 0,77 0,83 0,859 0,855 0,86 0,862 0,864 0,867 0,888 0,888 0,887 0,878 0,872 0,866 0,858 0,853 0,85 0,864 0,873 0,871 0,866 0,86 0,861 0,863 0,861 0,863 0,876 0,882 0,877 0,875 0,871 0,864 0,857 0,851 0,846 0,839 0,831
