rofental/data/rofental/svf_rofental_50.asc
ncols         644
nrows         451
xllcorner     622802,488
yllcorner     5177999,379
cellsize      50
NODATA_value  -9999
[rows 170 to 203 of 451, columns 78 to 155 of 644]
0,902 0,839 0,838 0,853 0,871 0,894 0,9 0,891 0,876 0,865 0,858 0,873 0,867 0,91 0,932 0,92 0,929 0,95 0,983 0,977 0,929 0,87 0,862 0,839 0,821 0,806 0,936 0,979 0,912 0,869 0,779 0,791 0,783 0,802 0,838 0,886 0,936 0,908 0,823 0,787 0,793 0,797 0,837 0,909 0,936 0,966 0,97 0,975 0,966 0,936 0,907 0,895 0,883 0,885 0,902 0,899 0,893 0,914 0,931 0,941 0,945 0,947 0,933 0,924 0,936 0,94 0,938 0,918 0,912 0,909 0,905 0,905 0,919 0,93 0,933 0,934 0,926 0,908
0,887 0,841 0,849 0,86 0,87 0,891 0,904 0,905 0,892 0,872 0,849 0,845 0,889 0,902 0,919 0,909 0,877 0,882 0,926 0,951 0,904 0,837 0,83 0,824 0,798 0,767 0,791 0,952 0,998 0,995 0,91 0,935 0,925 0,963 0,989 0,987 0,956 0,863 0,792 0,791 0,807 0,831 0,9 0,958 0,966 0,972 0,966 0,967 0,937 0,916 0,887 0,903 0,903 0,897 0,905 0,904 0,912 0,923 0,934 0,94 0,945 0,947 0,925 0,92 0,928 0,932 0,922 0,899 0,897 0,907 0,919 0,923 0,928 0,925 0,923 0,919 0,913 0,898
0,855 0,845 0,842 0,859 0,859 0,872 0,897 0,904 0,893 0,871 0,846 0,834 0,783 0,809 0,917 0,927 0,914 0,898 0,93 0,948 0,918 0,848 0,844 0,84 0,801 0,771 0,762 0,965 0,998 0,998 0,998 0,998 0,996 0,997 0,997 0,995 0,977 0,896 0,827 0,841 0,825 0,88 0,946 0,973 0,971 0,931 0,926 0,932 0,919 0,903 0,913 0,923 0,916 0,906 0,91 0,914 0,919 0,925 0,929 0,935 0,94 0,942 0,909 0,91 0,917 0,917 0,903 0,883 0,894 0,904 0,916 0,919 0,912 0,92 0,903 0,895 0,883 0,87
0,845 0,845 0,853 0,865 0,862 0,861 0,88 0,893 0,895 0,884 0,861 0,834 0,802 0,786 0,786 0,809 0,924 0,911 0,935 0,946 0,911 0,881 0,882 0,875 0,845 0,78 0,742 0,856 0,972 0,996 0,993 0,986 0,983 0,991 0,986 0,971 0,975 0,973 0,957 0,941 0,944 0,982 0,991 0,995 0,955 0,868 0,86 0,857 0,871 0,898 0,912 0,915 0,916 0,913 0,914 0,915 0,912 0,913 0,917 0,925 0,934 0,937 0,912 0,887 0,904 0,903 0,882 0,892 0,891 0,906 0,911 0,91 0,908 0,904 0,923 0,924 0,907 0,905
0,845 0,845 0,846 0,853 0,862 0,86 0,871 0,901 0,908 0,896 0,883 0,864 0,838 0,828 0,807 0,808 0,828 0,866 0,917 0,944 0,924 0,893 0,907 0,895 0,867 0,816 0,769 0,789 0,836 0,918 0,948 0,932 0,887 0,907 0,887 0,874 0,954 0,984 0,995 0,997 0,996 0,996 0,997 0,987 0,936 0,843 0,869 0,868 0,872 0,89 0,898 0,899 0,906 0,906 0,907 0,904 0,9 0,898 0,903 0,911 0,922 0,928 0,911 0,885 0,879 0,892 0,886 0,898 0,902 0,911 0,907 0,9 0,898 0,901 0,941 0,946 0,95 0,953
0,849 0,847 0,865 0,877 0,879 0,875 0,88 0,907 0,915 0,911 0,902 0,89 0,873 0,858 0,836 0,833 0,84 0,856 0,883 0,912 0,908 0,912 0,92 0,914 0,876 0,853 0,809 0,802 0,866 0,886 0,913 0,93 0,884 0,828 0,814 0,824 0,869 0,923 0,991 0,997 0,993 0,975 0,975 0,953 0,907 0,872 0,867 0,864 0,869 0,872 0,879 0,88 0,879 0,883 0,888 0,887 0,882 0,887 0,882 0,887 0,9 0,91 0,902 0,874 0,876 0,879 0,875 0,896 0,912 0,907 0,9 0,895 0,893 0,893 0,926 0,932 0,947 0,953
0,862 0,862 0,885 0,885 0,889 0,886 0,884 0,903 0,911 0,914 0,915 0,909 0,897 0,893 0,876 0,864 0,889 0,889 0,886 0,904 0,894 0,926 0,927 0,923 0,913 0,861 0,819 0,824 0,865 0,906 0,915 0,912 0,896 0,838 0,797 0,788 0,812 0,84 0,943 0,985 0,941 0,886 0,905 0,943 0,959 0,933 0,897 0,849 0,844 0,853 0,857 0,866 0,87 0,871 0,87 0,865 0,868 0,863 0,86 0,854 0,849 0,876 0,873 0,84 0,862 0,877 0,879 0,906 0,91 0,905 0,894 0,884 0,864 0,892 0,944 0,939 0,944 0,951
0,907 0,906 0,901 0,899 0,892 0,889 0,889 0,892 0,904 0,908 0,921 0,921 0,917 0,914 0,908 0,892 0,884 0,869 0,875 0,916 0,917 0,924 0,926 0,913 0,879 0,854 0,821 0,827 0,901 0,925 0,931 0,923 0,874 0,847 0,81 0,801 0,808 0,823 0,941 0,978 0,954 0,904 0,916 0,942 0,965 0,978 0,944 0,865 0,825 0,842 0,857 0,862 0,865 0,864 0,855 0,851 0,847 0,838 0,814 0,822 0,87 0,86 0,822 0,832 0,865 0,889 0,899 0,908 0,904 0,897 0,883 0,872 0,851 0,923 0,954 0,942 0,922 0,938
0,967 0,942 0,935 0,915 0,887 0,884 0,887 0,879 0,887 0,907 0,94 0,938 0,926 0,913 0,904 0,878 0,861 0,843 0,852 0,902 0,913 0,882 0,854 0,828 0,824 0,807 0,807 0,817 0,882 0,922 0,926 0,909 0,848 0,801 0,806 0,801 0,805 0,817 0,928 0,973 0,961 0,924 0,9 0,893 0,95 0,977 0,964 0,873 0,833 0,84 0,852 0,855 0,854 0,853 0,84 0,822 0,833 0,831 0,837 0,885 0,923 0,938 0,872 0,853 0,878 0,905 0,905 0,904 0,899 0,892 0,884 0,851 0,864 0,931 0,966 0,934 0,909 0,931
0,969 0,937 0,933 0,909 0,881 0,884 0,887 0,88 0,88 0,901 0,949 0,952 0,946 0,932 0,904 0,871 0,874 0,884 0,875 0,884 0,882 0,864 0,835 0,835 0,84 0,811 0,797 0,832 0,899 0,914 0,913 0,899 0,85 0,811 0,804 0,795 0,8 0,868 0,931 0,956 0,965 0,94 0,901 0,855 0,867 0,948 0,965 0,908 0,834 0,828 0,829 0,833 0,831 0,832 0,812 0,801 0,841 0,895 0,933 0,952 0,95 0,906 0,826 0,854 0,879 0,897 0,895 0,894 0,888 0,894 0,858 0,836 0,907 0,959 0,967 0,923 0,911 0,932
0,954 0,907 0,886 0,874 0,863 0,884 0,903 0,888 0,872 0,858 0,932 0,958 0,956 0,949 0,942 0,918 0,909 0,904 0,892 0,879 0,873 0,865 0,847 0,843 0,837 0,822 0,811 0,865 0,917 0,898 0,888 0,869 0,845 0,829 0,818 0,803 0,8 0,883 0,89 0,929 0,946 0,951 0,917 0,853 0,84 0,884 0,939 0,933 0,88 0,823 0,822 0,819 0,822 0,827 0,822 0,847 0,857 0,904 0,95 0,936 0,866 0,823 0,798 0,821 0,86 0,881 0,88 0,881 0,878 0,861 0,849 0,888 0,956 0,972 0,956 0,934 0,929 0,941
0,952 0,899 0,867 0,855 0,878 0,897 0,904 0,898 0,872 0,821 0,808 0,922 0,956 0,956 0,95 0,94 0,92 0,917 0,898 0,88 0,875 0,877 0,861 0,851 0,844 0,832 0,813 0,874 0,914 0,885 0,855 0,853 0,836 0,836 0,825 0,806 0,802 0,838 0,872 0,889 0,893 0,889 0,914 0,848 0,82 0,832 0,9 0,971 0,931 0,873 0,85 0,848 0,82 0,824 0,824 0,874 0,897 0,957 0,947 0,871 0,808 0,766 0,766 0,814 0,838 0,865 0,87 0,858 0,853 0,843 0,847 0,958 0,972 0,967 0,946 0,895 0,928 0,946
0,956 0,939 0,878 0,872 0,894 0,908 0,911 0,894 0,878 0,828 0,793 0,845 0,949 0,958 0,954 0,943 0,915 0,914 0,906 0,884 0,887 0,888 0,879 0,873 0,866 0,848 0,822 0,872 0,91 0,89 0,855 0,856 0,847 0,842 0,826 0,821 0,82 0,853 0,882 0,879 0,854 0,856 0,859 0,837 0,827 0,789 0,863 0,971 0,99 0,984 0,947 0,876 0,807 0,808 0,848 0,932 0,96 0,98 0,921 0,842 0,831 0,798 0,857 0,89 0,892 0,873 0,861 0,853 0,843 0,868 0,955 0,972 0,957 0,918 0,878 0,896 0,925 0,944
0,947 0,956 0,919 0,874 0,882 0,904 0,908 0,896 0,889 0,858 0,813 0,817 0,931 0,957 0,955 0,95 0,909 0,894 0,904 0,896 0,9 0,897 0,893 0,888 0,88 0,859 0,831 0,882 0,903 0,892 0,866 0,855 0,841 0,839 0,831 0,84 0,845 0,865 0,877 0,877 0,868 0,865 0,859 0,85 0,824 0,794 0,839 0,928 0,961 0,989 0,977 0,938 0,903 0,867 0,945 0,98 0,993 0,935 0,917 0,89 0,889 0,898 0,915 0,942 0,927 0,85 0,84 0,857 0,885 0,928 0,971 0,969 0,915 0,874 0,887 0,907 0,926 0,94
0,927 0,962 0,929 0,86 0,846 0,877 0,901 0,901 0,894 0,88 0,842 0,81 0,835 0,954 0,957 0,951 0,916 0,908 0,911 0,906 0,905 0,902 0,9 0,898 0,892 0,87 0,84 0,887 0,906 0,901 0,881 0,855 0,843 0,831 0,831 0,865 0,875 0,885 0,893 0,902 0,902 0,895 0,884 0,87 0,844 0,811 0,82 0,833 0,825 0,869 0,968 0,997 0,997 0,992 0,989 0,995 0,967 0,935 0,862 0,864 0,88 0,887 0,924 0,942 0,916 0,853 0,833 0,848 0,933 0,968 0,971 0,952 0,914 0,884 0,897 0,912 0,923 0,931
0,91 0,959 0,948 0,87 0,852 0,875 0,899 0,905 0,891 0,884 0,863 0,834 0,807 0,933 0,957 0,952 0,931 0,927 0,921 0,915 0,911 0,907 0,905 0,901 0,896 0,873 0,843 0,894 0,91 0,901 0,876 0,842 0,837 0,835 0,84 0,862 0,881 0,887 0,904 0,912 0,915 0,91 0,889 0,866 0,84 0,826 0,805 0,768 0,738 0,782 0,918 0,994 0,996 0,996 0,989 0,986 0,963 0,884 0,829 0,825 0,853 0,87 0,905 0,934 0,912 0,84 0,87 0,92 0,961 0,964 0,962 0,93 0,895 0,894 0,905 0,914 0,928 0,931
0,921 0,924 0,929 0,884 0,872 0,885 0,908 0,911 0,905 0,897 0,885 0,858 0,819 0,887 0,953 0,949 0,934 0,921 0,914 0,918 0,915 0,912 0,91 0,907 0,9 0,889 0,879 0,905 0,909 0,898 0,861 0,842 0,836 0,837 0,839 0,857 0,85 0,874 0,911 0,912 0,918 0,913 0,891 0,851 0,805 0,789 0,772 0,746 0,736 0,747 0,795 0,885 0,973 0,946 0,911 0,886 0,929 0,894 0,869 0,838 0,846 0,866 0,887 0,893 0,893 0,908 0,937 0,966 0,962 0,935 0,916 0,913 0,896 0,905 0,917 0,933 0,934 0,936
0,928 0,923 0,905 0,889 0,884 0,902 0,915 0,914 0,916 0,917 0,904 0,888 0,852 0,872 0,936 0,947 0,933 0,92 0,91 0,92 0,92 0,918 0,914 0,91 0,905 0,903 0,905 0,908 0,904 0,893 0,865 0,85 0,851 0,84 0,829 0,826 0,798 0,858 0,921 0,9 0,901 0,919 0,893 0,844 0,785 0,776 0,767 0,752 0,762 0,776 0,812 0,914 0,952 0,889 0,841 0,865 0,903 0,937 0,94 0,929 0,93 0,95 0,967 0,965 0,94 0,951 0,96 0,958 0,934 0,899 0,907 0,917 0,926 0,931 0,939 0,939 0,94 0,936
0,929 0,936 0,92 0,9 0,889 0,908 0,922 0,921 0,923 0,929 0,922 0,91 0,895 0,882 0,937 0,942 0,943 0,927 0,922 0,921 0,923 0,921 0,918 0,911 0,912 0,909 0,91 0,907 0,899 0,884 0,876 0,875 0,866 0,853 0,817 0,79 0,783 0,852 0,913 0,88 0,86 0,929 0,926 0,892 0,813 0,77 0,768 0,764 0,77 0,794 0,868 0,964 0,969 0,904 0,829 0,856 0,897 0,923 0,943 0,962 0,964 0,973 0,978 0,977 0,975 0,946 0,929 0,932 0,916 0,923 0,93 0,933 0,939 0,939 0,937 0,94 0,937 0,938
0,933 0,938 0,933 0,915 0,91 0,92 0,926 0,926 0,93 0,938 0,933 0,924 0,915 0,886 0,942 0,949 0,949 0,944 0,934 0,927 0,924 0,92 0,916 0,913 0,914 0,913 0,911 0,909 0,899 0,883 0,874 0,878 0,875 0,86 0,829 0,782 0,773 0,882 0,893 0,855 0,852 0,855 0,942 0,912 0,845 0,773 0,776 0,778 0,789 0,801 0,905 0,962 0,963 0,861 0,825 0,834 0,852 0,865 0,912 0,941 0,949 0,952 0,967 0,967 0,944 0,929 0,89 0,916 0,934 0,937 0,942 0,937 0,934 0,935 0,94 0,941 0,942 0,94
0,937 0,937 0,924 0,908 0,914 0,929 0,929 0,925 0,932 0,94 0,936 0,93 0,919 0,906 0,938 0,952 0,95 0,946 0,934 0,918 0,918 0,917 0,915 0,914 0,914 0,914 0,915 0,904 0,895 0,892 0,877 0,876 0,876 0,863 0,841 0,839 0,849 0,88 0,877 0,859 0,841 0,861 0,923 0,938 0,889 0,804 0,775 0,778 0,78 0,81 0,951 0,984 0,951 0,841 0,839 0,845 0,869 0,867 0,859 0,863 0,862 0,861 0,874 0,876 0,885 0,894 0,911 0,93 0,934 0,934 0,932 0,932 0,937 0,939 0,94 0,942 0,942 0,942
0,936 0,933 0,914 0,897 0,916 0,926 0,931 0,922 0,925 0,934 0,937 0,932 0,929 0,914 0,918 0,93 0,947 0,946 0,937 0,918 0,91 0,915 0,916 0,912 0,905 0,906 0,907 0,894 0,881 0,885 0,866 0,854 0,858 0,86 0,855 0,869 0,876 0,877 0,857 0,821 0,852 0,879 0,924 0,945 0,922 0,845 0,793 0,772 0,791 0,826 0,966 0,991 0,969 0,888 0,877 0,885 0,883 0,886 0,889 0,884 0,882 0,89 0,892 0,905 0,907 0,915 0,922 0,925 0,933 0,925 0,932 0,935 0,939 0,943 0,943 0,943 0,943 0,941
0,928 0,911 0,898 0,9 0,917 0,923 0,923 0,916 0,915 0,926 0,931 0,931 0,933 0,929 0,922 0,912 0,924 0,936 0,939 0,915 0,908 0,917 0,917 0,908 0,888 0,884 0,878 0,844 0,847 0,86 0,857 0,844 0,839 0,837 0,864 0,868 0,875 0,87 0,845 0,82 0,846 0,871 0,888 0,906 0,941 0,929 0,853 0,827 0,828 0,922 0,987 0,991 0,971 0,917 0,921 0,934 0,93 0,902 0,894 0,893 0,896 0,908 0,912 0,922 0,919 0,921 0,92 0,91 0,923 0,932 0,936 0,94 0,942 0,943 0,943 0,941 0,941 0,939
0,919 0,881 0,887 0,902 0,918 0,924 0,924 0,922 0,92 0,921 0,928 0,927 0,935 0,936 0,936 0,929 0,926 0,92 0,931 0,923 0,912 0,915 0,912 0,906 0,885 0,854 0,827 0,807 0,799 0,823 0,924 0,905 0,884 0,845 0,85 0,86 0,865 0,862 0,843 0,823 0,82 0,817 0,812 0,841 0,917 0,957 0,933 0,955 0,936 0,983 0,984 0,933 0,921 0,923 0,942 0,947 0,947 0,948 0,946 0,92 0,922 0,923 0,921 0,926 0,925 0,92 0,904 0,92 0,932 0,938 0,939 0,943 0,944 0,944 0,942 0,941 0,939 0,938
0,892 0,882 0,885 0,899 0,913 0,926 0,927 0,926 0,926 0,924 0,918 0,91 0,919 0,933 0,939 0,941 0,931 0,918 0,921 0,922 0,917 0,915 0,908 0,891 0,873 0,853 0,83 0,815 0,78 0,794 0,928 0,926 0,898 0,843 0,823 0,835 0,854 0,854 0,838 0,821 0,807 0,807 0,829 0,824 0,854 0,89 0,992 0,996 0,995 0,961 0,905 0,864 0,876 0,91 0,936 0,938 0,95 0,953 0,953 0,95 0,948 0,948 0,924 0,931 0,932 0,933 0,931 0,932 0,938 0,939 0,941 0,941 0,942 0,943 0,94 0,938 0,937 0,935
0,855 0,866 0,884 0,897 0,911 0,923 0,926 0,921 0,925 0,925 0,919 0,913 0,899 0,895 0,933 0,937 0,934 0,919 0,916 0,912 0,904 0,9 0,892 0,875 0,861 0,851 0,832 0,818 0,781 0,756 0,85 0,899 0,929 0,852 0,79 0,798 0,826 0,841 0,81 0,795 0,795 0,803 0,797 0,787 0,772 0,886 0,991 0,997 0,992 0,891 0,84 0,858 0,892 0,911 0,922 0,938 0,946 0,95 0,953 0,95 0,95 0,943 0,937 0,938 0,94 0,938 0,933 0,936 0,939 0,94 0,941 0,942 0,941 0,939 0,938 0,937 0,933 0,932
0,858 0,869 0,882 0,896 0,911 0,92 0,926 0,923 0,927 0,925 0,922 0,923 0,906 0,901 0,929 0,93 0,926 0,916 0,913 0,904 0,879 0,867 0,86 0,862 0,871 0,869 0,852 0,83 0,799 0,77 0,735 0,891 0,956 0,949 0,926 0,895 0,859 0,86 0,817 0,795 0,786 0,803 0,818 0,885 0,948 0,973 0,995 0,994 0,956 0,886 0,879 0,874 0,885 0,906 0,924 0,934 0,947 0,951 0,951 0,942 0,938 0,931 0,931 0,932 0,936 0,934 0,936 0,938 0,94 0,941 0,942 0,94 0,939 0,937 0,933 0,933 0,931 0,929
0,876 0,893 0,896 0,895 0,912 0,922 0,922 0,915 0,92 0,919 0,924 0,925 0,92 0,917 0,917 0,914 0,919 0,916 0,906 0,885 0,865 0,857 0,853 0,856 0,87 0,872 0,861 0,837 0,82 0,789 0,778 0,871 0,958 0,956 0,955 0,948 0,934 0,922 0,901 0,887 0,866 0,879 0,9 0,953 0,977 0,978 0,947 0,938 0,975 0,961 0,917 0,9 0,891 0,899 0,91 0,918 0,944 0,946 0,94 0,936 0,932 0,932 0,93 0,92 0,925 0,934 0,936 0,938 0,94 0,941 0,94 0,938 0,935 0,933 0,932 0,93 0,928 0,925
0,902 0,903 0,91 0,9 0,912 0,923 0,921 0,915 0,912 0,92 0,925 0,925 0,924 0,918 0,913 0,916 0,914 0,905 0,887 0,868 0,859 0,852 0,851 0,861 0,863 0,863 0,867 0,861 0,841 0,848 0,836 0,902 0,91 0,92 0,933 0,941 0,94 0,93 0,923 0,928 0,932 0,926 0,958 0,949 0,92 0,877 0,78 0,866 0,985 0,994 0,98 0,952 0,965 0,943 0,902 0,909 0,929 0,931 0,932 0,933 0,937 0,934 0,926 0,931 0,932 0,935 0,936 0,938 0,937 0,938 0,937 0,935 0,932 0,929 0,928 0,927 0,924 0,921
0,906 0,911 0,913 0,905 0,911 0,92 0,922 0,918 0,917 0,92 0,923 0,923 0,923 0,925 0,919 0,914 0,908 0,888 0,865 0,858 0,855 0,844 0,843 0,847 0,862 0,86 0,869 0,877 0,869 0,871 0,878 0,867 0,868 0,834 0,832 0,849 0,876 0,87 0,88 0,911 0,895 0,924 0,9 0,851 0,807 0,726 0,724 0,851 0,988 0,992 0,988 0,971 0,972 0,955 0,899 0,887 0,907 0,929 0,932 0,934 0,931 0,925 0,928 0,932 0,935 0,935 0,937 0,937 0,937 0,935 0,935 0,932 0,928 0,927 0,925 0,924 0,921 0,919
0,904 0,912 0,919 0,91 0,911 0,915 0,919 0,919 0,92 0,92 0,922 0,922 0,923 0,92 0,915 0,908 0,891 0,874 0,861 0,861 0,853 0,845 0,837 0,838 0,843 0,839 0,851 0,886 0,887 0,883 0,889 0,889 0,888 0,871 0,854 0,835 0,836 0,83 0,806 0,809 0,825 0,859 0,821 0,753 0,728 0,713 0,715 0,955 0,988 0,967 0,889 0,901 0,907 0,891 0,885 0,878 0,887 0,912 0,921 0,921 0,918 0,926 0,93 0,933 0,935 0,937 0,936 0,937 0,935 0,933 0,93 0,928 0,926 0,924 0,922 0,919 0,916 0,915
0,914 0,921 0,922 0,916 0,912 0,918 0,92 0,92 0,918 0,918 0,919 0,92 0,92 0,915 0,906 0,887 0,878 0,873 0,866 0,86 0,854 0,844 0,836 0,83 0,827 0,809 0,82 0,89 0,887 0,885 0,879 0,887 0,886 0,881 0,874 0,864 0,861 0,855 0,851 0,835 0,852 0,847 0,797 0,759 0,746 0,742 0,786 0,931 0,974 0,901 0,811 0,836 0,86 0,846 0,851 0,876 0,896 0,898 0,908 0,909 0,923 0,927 0,932 0,933 0,935 0,935 0,936 0,935 0,932 0,93 0,929 0,926 0,923 0,92 0,917 0,915 0,912 0,909
0,913 0,916 0,92 0,917 0,917 0,919 0,918 0,917 0,916 0,91 0,915 0,915 0,911 0,902 0,887 0,882 0,877 0,871 0,865 0,856 0,851 0,846 0,835 0,823 0,813 0,799 0,806 0,884 0,883 0,881 0,87 0,874 0,875 0,878 0,872 0,862 0,859 0,848 0,851 0,851 0,855 0,833 0,799 0,783 0,767 0,768 0,852 0,939 0,945 0,828 0,798 0,842 0,849 0,848 0,861 0,88 0,895 0,896 0,909 0,919 0,926 0,929 0,93 0,931 0,932 0,931 0,932 0,931 0,93 0,927 0,925 0,922 0,92 0,917 0,914 0,911 0,908 0,906
0,921 0,915 0,919 0,92 0,916 0,915 0,916 0,915 0,912 0,907 0,912 0,91 0,905 0,892 0,889 0,88 0,875 0,869 0,859 0,85 0,845 0,842 0,832 0,817 0,802 0,772 0,818 0,847 0,854 0,864 0,873 0,851 0,859 0,854 0,864 0,848 0,833 0,823 0,82 0,837 0,846 0,83 0,819 0,79 0,79 0,805 0,912 0,97 0,927 0,808 0,801 0,811 0,829 0,841 0,853 0,875 0,887 0,899 0,911 0,922 0,925 0,926 0,926 0,927 0,928 0,929 0,929 0,929 0,926 0,924 0,921 0,919 0,914 0,913 0,91 0,906 0,905 0,898
