rofental/data/rofental/svf_rofental_50.asc
ncols         644
nrows         451
xllcorner     622802,488
yllcorner     5177999,379
cellsize      50
NODATA_value  -9999
[rows 204 to 237 of 451, columns 546 to 623 of 644]
0,938 0,942 0,886 0,872 0,926 0,969 0,993 0,936 0,805 0,778 0,763 0,764 0,775 0,786 0,799 0,811 0,823 0,832 0,849 0,87 0,872 0,868 0,858 0,849 0,849 0,847 0,854 0,856 0,859 0,863 0,873 0,882 0,898 0,904 0,89 0,883 0,871 0,86 0,865 0,869 0,865 0,87 0,885 0,888 0,867 0,835 0,839 0,81 0,81 0,798 0,813 0,833 0,856 0,892 0,91 0,918 0,921 0,911 0,881 0,893 0,886 0,893 0,883 0,858 0,897 0,931 0,939 0,94 0,939 0,934 0,934 0,929 0,916 0,868 0,897 0,888 0,876 0,856
0,954 0,983 0,938 0,911 0,966 0,991 0,996 0,934 0,859 0,838 0,794 0,749 0,757 0,773 0,793 0,811 0,827 0,828 0,851 0,876 0,878 0,875 0,871 0,872 0,873 0,867 0,861 0,858 0,864 0,876 0,88 0,89 0,898 0,902 0,888 0,873 0,866 0,855 0,866 0,87 0,871 0,881 0,89 0,894 0,844 0,81 0,82 0,824 0,814 0,802 0,812 0,821 0,833 0,874 0,91 0,92 0,919 0,907 0,9 0,891 0,887 0,897 0,894 0,886 0,906 0,922 0,931 0,933 0,933 0,93 0,93 0,924 0,919 0,908 0,901 0,89 0,88 0,867
0,985 0,998 0,998 0,983 0,988 0,993 0,982 0,929 0,941 0,939 0,887 0,834 0,774 0,774 0,792 0,821 0,819 0,808 0,845 0,875 0,884 0,885 0,875 0,875 0,873 0,873 0,864 0,863 0,872 0,883 0,884 0,892 0,893 0,892 0,891 0,884 0,867 0,863 0,869 0,872 0,88 0,888 0,894 0,899 0,848 0,793 0,829 0,83 0,813 0,814 0,819 0,827 0,808 0,846 0,911 0,919 0,919 0,913 0,905 0,891 0,88 0,88 0,89 0,903 0,914 0,915 0,923 0,924 0,923 0,923 0,92 0,916 0,911 0,905 0,896 0,893 0,887 0,874
0,986 0,997 0,998 0,986 0,951 0,953 0,947 0,905 0,938 0,972 0,973 0,927 0,903 0,897 0,883 0,876 0,857 0,821 0,843 0,869 0,889 0,897 0,892 0,881 0,883 0,885 0,876 0,868 0,87 0,873 0,881 0,889 0,882 0,883 0,875 0,881 0,874 0,868 0,875 0,883 0,888 0,894 0,898 0,899 0,894 0,837 0,84 0,826 0,799 0,818 0,824 0,84 0,829 0,855 0,903 0,917 0,916 0,908 0,903 0,887 0,878 0,881 0,881 0,9 0,911 0,908 0,912 0,915 0,915 0,913 0,911 0,907 0,9 0,897 0,892 0,892 0,888 0,876
0,946 0,965 0,994 0,93 0,831 0,842 0,837 0,821 0,903 0,968 0,968 0,929 0,934 0,943 0,946 0,938 0,926 0,882 0,845 0,864 0,883 0,899 0,872 0,861 0,876 0,892 0,898 0,886 0,87 0,889 0,894 0,897 0,888 0,875 0,864 0,869 0,856 0,875 0,886 0,892 0,894 0,896 0,9 0,9 0,898 0,852 0,82 0,818 0,816 0,827 0,827 0,836 0,844 0,87 0,907 0,913 0,912 0,907 0,897 0,883 0,895 0,896 0,893 0,901 0,906 0,898 0,901 0,904 0,905 0,904 0,902 0,898 0,894 0,89 0,887 0,888 0,885 0,879
0,948 0,944 0,936 0,882 0,794 0,776 0,788 0,814 0,879 0,937 0,924 0,916 0,935 0,946 0,95 0,949 0,951 0,915 0,886 0,867 0,877 0,887 0,864 0,869 0,879 0,892 0,908 0,908 0,906 0,91 0,912 0,909 0,899 0,888 0,884 0,873 0,864 0,881 0,893 0,897 0,891 0,896 0,9 0,899 0,89 0,872 0,845 0,815 0,816 0,823 0,843 0,854 0,861 0,886 0,905 0,906 0,905 0,9 0,888 0,884 0,905 0,921 0,916 0,915 0,896 0,884 0,889 0,894 0,894 0,893 0,891 0,887 0,885 0,882 0,881 0,881 0,879 0,875
0,962 0,961 0,946 0,867 0,768 0,783 0,812 0,83 0,874 0,921 0,905 0,87 0,876 0,88 0,886 0,892 0,914 0,939 0,923 0,884 0,872 0,876 0,876 0,862 0,889 0,903 0,905 0,905 0,905 0,908 0,913 0,911 0,883 0,878 0,872 0,857 0,866 0,879 0,892 0,896 0,889 0,893 0,899 0,898 0,865 0,874 0,848 0,805 0,788 0,838 0,844 0,872 0,878 0,889 0,903 0,9 0,897 0,89 0,876 0,887 0,912 0,935 0,934 0,928 0,907 0,883 0,875 0,879 0,877 0,879 0,878 0,875 0,875 0,871 0,871 0,871 0,871 0,871
0,95 0,957 0,954 0,903 0,792 0,811 0,829 0,841 0,873 0,908 0,906 0,873 0,865 0,872 0,866 0,864 0,879 0,897 0,932 0,921 0,867 0,877 0,885 0,893 0,904 0,908 0,908 0,898 0,89 0,904 0,91 0,898 0,883 0,872 0,861 0,844 0,87 0,885 0,894 0,895 0,872 0,895 0,898 0,896 0,88 0,875 0,858 0,805 0,804 0,851 0,857 0,875 0,874 0,891 0,896 0,894 0,889 0,879 0,876 0,869 0,895 0,927 0,94 0,941 0,917 0,898 0,868 0,853 0,857 0,863 0,863 0,861 0,863 0,861 0,862 0,862 0,862 0,863
0,933 0,955 0,963 0,934 0,81 0,811 0,834 0,844 0,863 0,914 0,925 0,912 0,891 0,895 0,89 0,892 0,883 0,866 0,876 0,876 0,86 0,873 0,9 0,907 0,908 0,909 0,908 0,902 0,901 0,91 0,911 0,904 0,888 0,889 0,862 0,855 0,868 0,886 0,895 0,891 0,869 0,893 0,894 0,89 0,88 0,867 0,819 0,799 0,847 0,863 0,867 0,874 0,884 0,89 0,891 0,886 0,878 0,876 0,871 0,851 0,86 0,897 0,93 0,943 0,934 0,909 0,876 0,835 0,835 0,84 0,845 0,849 0,853 0,851 0,853 0,854 0,854 0,855
0,922 0,96 0,972 0,924 0,806 0,811 0,84 0,856 0,871 0,902 0,92 0,909 0,908 0,914 0,912 0,894 0,863 0,852 0,86 0,869 0,87 0,882 0,897 0,908 0,905 0,905 0,899 0,905 0,908 0,915 0,909 0,906 0,901 0,893 0,871 0,847 0,87 0,892 0,897 0,865 0,879 0,885 0,886 0,875 0,874 0,83 0,799 0,802 0,852 0,86 0,871 0,881 0,889 0,888 0,884 0,88 0,87 0,874 0,867 0,856 0,852 0,871 0,915 0,94 0,936 0,917 0,88 0,845 0,823 0,815 0,833 0,837 0,837 0,842 0,845 0,85 0,849 0,848
0,926 0,963 0,971 0,932 0,813 0,82 0,841 0,863 0,889 0,896 0,904 0,907 0,888 0,902 0,912 0,884 0,861 0,868 0,873 0,88 0,876 0,873 0,882 0,889 0,893 0,895 0,899 0,906 0,916 0,915 0,907 0,905 0,889 0,882 0,852 0,869 0,881 0,896 0,899 0,869 0,883 0,882 0,875 0,865 0,81 0,792 0,797 0,832 0,855 0,864 0,874 0,885 0,888 0,886 0,88 0,873 0,869 0,872 0,867 0,857 0,848 0,852 0,894 0,93 0,935 0,924 0,906 0,865 0,824 0,792 0,824 0,821 0,817 0,829 0,835 0,84 0,841 0,838
0,942 0,967 0,974 0,903 0,827 0,83 0,85 0,873 0,898 0,907 0,909 0,886 0,851 0,885 0,91 0,897 0,872 0,882 0,891 0,89 0,884 0,878 0,884 0,876 0,88 0,895 0,903 0,913 0,917 0,903 0,893 0,896 0,878 0,848 0,857 0,883 0,891 0,898 0,899 0,864 0,881 0,868 0,864 0,821 0,785 0,802 0,809 0,845 0,856 0,859 0,878 0,887 0,886 0,884 0,877 0,87 0,866 0,868 0,867 0,86 0,851 0,847 0,88 0,902 0,94 0,945 0,926 0,887 0,862 0,798 0,833 0,834 0,804 0,818 0,829 0,835 0,834 0,83
0,954 0,969 0,968 0,872 0,832 0,845 0,857 0,878 0,892 0,913 0,912 0,897 0,893 0,891 0,906 0,907 0,892 0,896 0,906 0,886 0,875 0,893 0,885 0,887 0,889 0,896 0,909 0,912 0,91 0,907 0,898 0,882 0,88 0,848 0,869 0,888 0,895 0,896 0,885 0,888 0,873 0,843 0,866 0,829 0,82 0,815 0,812 0,843 0,86 0,868 0,875 0,887 0,886 0,879 0,873 0,864 0,858 0,86 0,864 0,859 0,847 0,83 0,844 0,874 0,928 0,95 0,953 0,934 0,89 0,85 0,839 0,838 0,807 0,804 0,817 0,826 0,823 0,824
0,959 0,973 0,965 0,853 0,821 0,833 0,861 0,879 0,897 0,909 0,913 0,902 0,906 0,906 0,911 0,902 0,892 0,908 0,909 0,893 0,886 0,891 0,89 0,895 0,895 0,9 0,906 0,911 0,909 0,911 0,905 0,886 0,863 0,865 0,881 0,892 0,893 0,881 0,867 0,856 0,845 0,834 0,838 0,791 0,781 0,794 0,822 0,852 0,873 0,872 0,879 0,886 0,883 0,878 0,87 0,861 0,85 0,86 0,867 0,86 0,853 0,843 0,848 0,854 0,921 0,948 0,952 0,958 0,946 0,875 0,825 0,848 0,8 0,805 0,817 0,814 0,809 0,812
0,962 0,972 0,944 0,832 0,824 0,837 0,859 0,884 0,897 0,902 0,902 0,897 0,905 0,909 0,908 0,908 0,912 0,912 0,902 0,9 0,896 0,895 0,888 0,894 0,885 0,89 0,903 0,906 0,91 0,911 0,905 0,883 0,867 0,877 0,884 0,887 0,879 0,845 0,84 0,832 0,836 0,843 0,817 0,802 0,846 0,823 0,831 0,872 0,883 0,883 0,886 0,884 0,88 0,873 0,868 0,859 0,846 0,873 0,877 0,871 0,874 0,871 0,873 0,863 0,92 0,941 0,941 0,954 0,961 0,943 0,875 0,851 0,817 0,794 0,818 0,826 0,795 0,791
0,958 0,968 0,922 0,825 0,831 0,848 0,862 0,886 0,9 0,896 0,893 0,889 0,896 0,907 0,911 0,914 0,914 0,916 0,906 0,892 0,893 0,882 0,885 0,891 0,882 0,886 0,899 0,903 0,909 0,91 0,901 0,879 0,862 0,871 0,875 0,865 0,851 0,826 0,834 0,803 0,827 0,834 0,762 0,845 0,857 0,84 0,85 0,881 0,886 0,884 0,881 0,878 0,877 0,872 0,864 0,852 0,849 0,88 0,882 0,882 0,883 0,885 0,89 0,885 0,902 0,924 0,927 0,939 0,959 0,956 0,903 0,859 0,797 0,793 0,81 0,823 0,815 0,768
0,954 0,965 0,922 0,818 0,831 0,846 0,873 0,888 0,896 0,898 0,893 0,888 0,896 0,903 0,912 0,916 0,914 0,918 0,905 0,886 0,882 0,885 0,887 0,886 0,888 0,89 0,9 0,906 0,909 0,906 0,883 0,881 0,857 0,876 0,881 0,876 0,844 0,851 0,829 0,798 0,811 0,737 0,812 0,861 0,861 0,857 0,875 0,883 0,884 0,886 0,88 0,873 0,875 0,862 0,86 0,859 0,857 0,884 0,887 0,885 0,887 0,893 0,898 0,896 0,901 0,903 0,905 0,921 0,954 0,957 0,933 0,871 0,829 0,785 0,815 0,825 0,826 0,759
0,952 0,952 0,879 0,837 0,836 0,845 0,869 0,883 0,889 0,891 0,891 0,893 0,898 0,905 0,914 0,919 0,921 0,913 0,909 0,895 0,881 0,888 0,893 0,891 0,894 0,898 0,903 0,909 0,909 0,882 0,883 0,87 0,871 0,88 0,873 0,86 0,839 0,813 0,815 0,793 0,734 0,808 0,865 0,869 0,855 0,865 0,872 0,879 0,887 0,892 0,88 0,872 0,876 0,86 0,848 0,868 0,878 0,88 0,886 0,893 0,897 0,899 0,894 0,902 0,899 0,893 0,899 0,916 0,946 0,954 0,939 0,903 0,85 0,836 0,845 0,841 0,839 0,829
0,95 0,936 0,895 0,857 0,836 0,849 0,862 0,863 0,873 0,879 0,884 0,887 0,898 0,906 0,915 0,923 0,924 0,901 0,904 0,882 0,87 0,881 0,888 0,893 0,901 0,903 0,909 0,91 0,897 0,857 0,845 0,857 0,864 0,852 0,825 0,805 0,801 0,804 0,842 0,816 0,792 0,867 0,874 0,87 0,845 0,858 0,865 0,878 0,889 0,891 0,878 0,884 0,884 0,866 0,846 0,874 0,885 0,88 0,889 0,898 0,901 0,899 0,891 0,893 0,899 0,9 0,897 0,906 0,926 0,945 0,942 0,925 0,863 0,829 0,843 0,836 0,824 0,828
0,944 0,92 0,906 0,887 0,855 0,847 0,859 0,869 0,871 0,875 0,88 0,888 0,895 0,905 0,914 0,922 0,923 0,915 0,901 0,868 0,863 0,881 0,887 0,891 0,899 0,907 0,91 0,906 0,868 0,816 0,811 0,847 0,855 0,873 0,852 0,808 0,799 0,818 0,841 0,788 0,821 0,872 0,875 0,862 0,852 0,851 0,861 0,886 0,889 0,887 0,879 0,896 0,898 0,886 0,86 0,873 0,879 0,881 0,891 0,899 0,905 0,903 0,894 0,879 0,886 0,91 0,914 0,921 0,917 0,934 0,948 0,941 0,89 0,832 0,835 0,836 0,841 0,809
0,956 0,923 0,906 0,895 0,874 0,858 0,863 0,873 0,874 0,878 0,883 0,889 0,893 0,904 0,914 0,919 0,922 0,924 0,913 0,874 0,87 0,883 0,891 0,898 0,903 0,908 0,909 0,879 0,847 0,81 0,821 0,837 0,854 0,878 0,883 0,862 0,812 0,823 0,794 0,794 0,857 0,868 0,869 0,854 0,853 0,852 0,855 0,885 0,889 0,878 0,885 0,895 0,9 0,889 0,868 0,861 0,869 0,883 0,895 0,899 0,906 0,908 0,899 0,883 0,884 0,908 0,919 0,918 0,916 0,924 0,941 0,944 0,912 0,843 0,82 0,822 0,822 0,796
0,968 0,929 0,868 0,882 0,879 0,875 0,859 0,869 0,875 0,878 0,885 0,888 0,896 0,905 0,916 0,917 0,919 0,922 0,913 0,88 0,871 0,882 0,892 0,897 0,904 0,907 0,907 0,884 0,845 0,823 0,835 0,839 0,86 0,883 0,887 0,882 0,821 0,799 0,73 0,852 0,861 0,863 0,853 0,85 0,846 0,841 0,867 0,885 0,887 0,874 0,873 0,897 0,9 0,89 0,873 0,857 0,863 0,883 0,892 0,893 0,903 0,904 0,893 0,888 0,912 0,921 0,922 0,917 0,911 0,911 0,931 0,938 0,934 0,897 0,84 0,813 0,815 0,801
0,963 0,957 0,86 0,848 0,863 0,853 0,842 0,86 0,871 0,875 0,884 0,891 0,896 0,905 0,918 0,919 0,921 0,92 0,899 0,863 0,871 0,885 0,893 0,899 0,904 0,909 0,909 0,902 0,864 0,84 0,841 0,844 0,864 0,88 0,885 0,849 0,792 0,678 0,825 0,862 0,856 0,851 0,849 0,844 0,842 0,841 0,871 0,885 0,868 0,864 0,871 0,898 0,904 0,891 0,881 0,887 0,87 0,881 0,892 0,892 0,898 0,895 0,884 0,884 0,916 0,918 0,916 0,908 0,897 0,89 0,919 0,93 0,926 0,941 0,94 0,852 0,8 0,78
0,946 0,963 0,914 0,858 0,85 0,845 0,839 0,856 0,865 0,878 0,887 0,894 0,9 0,907 0,916 0,918 0,917 0,918 0,908 0,867 0,876 0,889 0,891 0,895 0,902 0,905 0,909 0,908 0,879 0,842 0,841 0,845 0,867 0,871 0,837 0,686 0,634 0,822 0,853 0,861 0,847 0,846 0,847 0,842 0,841 0,844 0,876 0,876 0,854 0,843 0,886 0,894 0,904 0,891 0,897 0,9 0,878 0,871 0,89 0,895 0,907 0,9 0,879 0,864 0,897 0,907 0,912 0,905 0,892 0,878 0,893 0,915 0,913 0,92 0,95 0,918 0,842 0,789
0,938 0,963 0,969 0,916 0,866 0,856 0,853 0,856 0,871 0,878 0,889 0,897 0,901 0,907 0,918 0,92 0,923 0,922 0,911 0,887 0,879 0,889 0,896 0,899 0,902 0,908 0,908 0,901 0,854 0,858 0,858 0,855 0,863 0,84 0,725 0,618 0,762 0,841 0,854 0,846 0,839 0,836 0,842 0,843 0,84 0,839 0,864 0,868 0,839 0,861 0,896 0,9 0,903 0,891 0,898 0,9 0,889 0,868 0,887 0,902 0,917 0,915 0,906 0,888 0,885 0,914 0,916 0,907 0,885 0,881 0,884 0,898 0,908 0,899 0,941 0,96 0,935 0,801
0,911 0,958 0,969 0,948 0,844 0,819 0,841 0,866 0,871 0,881 0,887 0,895 0,905 0,911 0,917 0,921 0,924 0,925 0,907 0,871 0,881 0,891 0,892 0,898 0,904 0,906 0,9 0,865 0,863 0,858 0,866 0,857 0,838 0,798 0,724 0,696 0,833 0,871 0,854 0,833 0,817 0,832 0,847 0,843 0,841 0,855 0,869 0,859 0,836 0,854 0,905 0,906 0,905 0,905 0,911 0,9 0,9 0,907 0,908 0,922 0,924 0,919 0,914 0,906 0,907 0,915 0,917 0,907 0,888 0,874 0,882 0,885 0,892 0,893 0,925 0,963 0,957 0,9
0,897 0,935 0,967 0,954 0,828 0,814 0,837 0,861 0,871 0,872 0,883 0,9 0,905 0,907 0,908 0,919 0,925 0,925 0,9 0,873 0,881 0,871 0,876 0,894 0,901 0,894 0,849 0,845 0,854 0,848 0,845 0,852 0,809 0,763 0,667 0,741 0,831 0,886 0,866 0,836 0,801 0,824 0,841 0,842 0,839 0,861 0,868 0,863 0,85 0,854 0,899 0,905 0,901 0,904 0,918 0,916 0,911 0,919 0,927 0,924 0,923 0,917 0,917 0,903 0,911 0,912 0,908 0,9 0,887 0,876 0,879 0,887 0,879 0,874 0,92 0,973 0,979 0,921
0,902 0,945 0,963 0,952 0,821 0,804 0,833 0,862 0,869 0,873 0,886 0,9 0,907 0,91 0,91 0,913 0,919 0,92 0,897 0,889 0,891 0,875 0,874 0,89 0,899 0,878 0,853 0,855 0,851 0,834 0,828 0,838 0,824 0,768 0,764 0,788 0,854 0,892 0,891 0,827 0,782 0,822 0,841 0,837 0,84 0,862 0,867 0,865 0,85 0,863 0,898 0,901 0,907 0,918 0,917 0,928 0,909 0,917 0,931 0,927 0,917 0,906 0,894 0,899 0,905 0,91 0,905 0,899 0,883 0,878 0,895 0,902 0,899 0,881 0,917 0,969 0,981 0,907
0,919 0,945 0,963 0,896 0,83 0,803 0,827 0,859 0,864 0,87 0,886 0,901 0,907 0,909 0,904 0,904 0,909 0,903 0,883 0,897 0,894 0,873 0,873 0,889 0,894 0,872 0,859 0,826 0,827 0,832 0,824 0,822 0,816 0,745 0,76 0,805 0,867 0,895 0,899 0,871 0,788 0,808 0,84 0,835 0,837 0,861 0,866 0,861 0,852 0,862 0,884 0,892 0,925 0,933 0,92 0,933 0,931 0,935 0,933 0,93 0,914 0,901 0,898 0,89 0,905 0,907 0,897 0,895 0,872 0,875 0,899 0,911 0,917 0,906 0,962 0,988 0,977 0,89
0,936 0,946 0,943 0,915 0,816 0,795 0,82 0,841 0,852 0,87 0,887 0,901 0,908 0,909 0,91 0,899 0,901 0,895 0,891 0,891 0,88 0,863 0,876 0,892 0,894 0,885 0,811 0,805 0,798 0,802 0,811 0,813 0,792 0,725 0,755 0,808 0,864 0,901 0,906 0,891 0,829 0,809 0,834 0,834 0,838 0,849 0,862 0,852 0,857 0,861 0,875 0,889 0,928 0,937 0,932 0,934 0,935 0,935 0,933 0,93 0,927 0,918 0,897 0,891 0,894 0,892 0,894 0,895 0,87 0,892 0,93 0,934 0,938 0,937 0,987 0,995 0,992 0,858
0,946 0,942 0,94 0,869 0,799 0,79 0,827 0,849 0,86 0,874 0,889 0,902 0,908 0,91 0,912 0,908 0,893 0,889 0,892 0,89 0,877 0,874 0,888 0,895 0,885 0,816 0,796 0,785 0,799 0,808 0,817 0,812 0,787 0,757 0,793 0,829 0,866 0,904 0,911 0,895 0,85 0,81 0,836 0,832 0,839 0,858 0,856 0,855 0,862 0,863 0,863 0,887 0,928 0,936 0,933 0,926 0,931 0,932 0,931 0,93 0,928 0,922 0,909 0,901 0,889 0,883 0,888 0,884 0,864 0,858 0,932 0,939 0,942 0,942 0,981 0,994 0,994 0,86
0,941 0,932 0,931 0,911 0,86 0,803 0,822 0,85 0,865 0,878 0,89 0,9 0,91 0,913 0,912 0,906 0,895 0,892 0,893 0,89 0,892 0,884 0,889 0,895 0,869 0,824 0,792 0,809 0,795 0,812 0,812 0,81 0,787 0,781 0,805 0,819 0,874 0,904 0,913 0,897 0,866 0,819 0,836 0,825 0,849 0,865 0,861 0,862 0,855 0,858 0,861 0,891 0,93 0,936 0,932 0,911 0,924 0,929 0,928 0,927 0,926 0,92 0,914 0,901 0,896 0,883 0,882 0,877 0,859 0,835 0,833 0,88 0,906 0,911 0,929 0,987 0,994 0,882
0,94 0,942 0,934 0,922 0,898 0,839 0,833 0,857 0,871 0,88 0,891 0,903 0,912 0,915 0,898 0,902 0,896 0,897 0,901 0,906 0,899 0,898 0,889 0,855 0,861 0,849 0,812 0,802 0,791 0,811 0,824 0,815 0,775 0,787 0,801 0,817 0,857 0,912 0,916 0,898 0,863 0,831 0,839 0,831 0,848 0,881 0,862 0,858 0,857 0,854 0,863 0,902 0,932 0,936 0,933 0,908 0,92 0,929 0,926 0,924 0,923 0,921 0,915 0,906 0,893 0,879 0,881 0,878 0,858 0,83 0,792 0,788 0,839 0,865 0,88 0,962 0,991 0,927
0,939 0,942 0,941 0,931 0,917 0,889 0,852 0,867 0,876 0,871 0,889 0,905 0,916 0,915 0,905 0,91 0,911 0,898 0,904 0,903 0,899 0,903 0,902 0,866 0,851 0,794 0,805 0,788 0,798 0,82 0,83 0,818 0,798 0,789 0,795 0,812 0,863 0,914 0,917 0,9 0,839 0,84 0,849 0,835 0,849 0,878 0,869 0,875 0,857 0,855 0,865 0,898 0,928 0,933 0,936 0,924 0,914 0,926 0,924 0,921 0,919 0,919 0,917 0,91 0,904 0,908 0,905 0,896 0,877 0,835 0,801 0,788 0,78 0,81 0,854 0,948 0,971 0,968
