rofental/data/rofental/svf_rofental_100.asc
ncols         322
nrows         225
xllcorner     622802,488
yllcorner     5178049,379
cellsize      100
NODATA_value  -9999
[rows 31 to 61 of 225, columns 0 to 69 of 322]
0,87825 0,88275 0,89775 0,896 0,89425 0,8975 0,886 0,89475 0,87125 0,84925 0,8665 0,888 0,852 0,8485 0,877 0,91175 0,91375 0,919 0,89425 0,84625 0,847 0,849 0,85 0,848 0,84775 0,84075 0,83225 0,8345 0,8405 0,81025 0,8495 0,81675 0,813 0,80675 0,818 0,82275 0,8485 0,862 0,9615 0,9015 0,862 0,8905 0,89075 0,88275 0,91025 0,937 0,93775 0,93375 0,93725 0,93775 0,93275 0,93775 0,933 0,911 0,889 0,90375 0,909 0,908 0,871 0,85675 0,8345 0,82775 0,8325 0,8235 0,811 0,7935 0,7785 0,8165 0,81875 0,8105
0,88875 0,88475 0,892 0,894 0,895 0,88525 0,89375 0,882 0,85425 0,87575 0,894 0,873 0,8425 0,8495 0,858 0,89675 0,8955 0,8945 0,85625 0,841 0,84275 0,84675 0,84625 0,84325 0,8385 0,82725 0,8255 0,8285 0,824 0,81525 0,82425 0,82475 0,8325 0,83425 0,835 0,825 0,85275 0,85875 0,93825 0,9265 0,8775 0,9 0,917 0,91125 0,9175 0,93425 0,93875 0,94075 0,9415 0,9425 0,939 0,9415 0,9405 0,877 0,86075 0,88375 0,89 0,88075 0,8525 0,83325 0,83075 0,84375 0,84175 0,82525 0,8055 0,7765 0,76775 0,78925 0,82 0,80725
0,8945 0,88975 0,8895 0,89175 0,8895 0,88175 0,882 0,86925 0,8775 0,89225 0,8745 0,841 0,86175 0,867 0,88625 0,88625 0,8585 0,85725 0,84725 0,8425 0,84425 0,8495 0,8475 0,8455 0,83725 0,82775 0,8195 0,8305 0,84075 0,83875 0,831 0,83525 0,83725 0,84725 0,8565 0,84175 0,8435 0,8855 0,94725 0,93675 0,882 0,89425 0,90875 0,92025 0,928 0,93425 0,9375 0,943 0,94425 0,944 0,94425 0,9455 0,94575 0,9315 0,88775 0,88225 0,8905 0,87675 0,84975 0,84225 0,85225 0,857 0,8465 0,81875 0,79125 0,73925 0,7555 0,806 0,83225 0,7895
0,896 0,89175 0,8855 0,8875 0,88575 0,884 0,8825 0,877 0,87275 0,87125 0,85425 0,87325 0,888 0,8805 0,8725 0,8495 0,83275 0,82725 0,83975 0,8485 0,85075 0,846 0,838 0,84475 0,83825 0,832 0,837 0,8765 0,839 0,84525 0,84175 0,8505 0,87725 0,8835 0,8685 0,85275 0,84475 0,88075 0,97775 0,919 0,884 0,88075 0,8845 0,9125 0,9285 0,93425 0,93725 0,9445 0,94775 0,94275 0,94125 0,9445 0,945 0,938 0,90125 0,88975 0,875 0,86775 0,867 0,861 0,8515 0,855 0,8485 0,80125 0,774 0,772 0,831 0,88325 0,90425 0,8665
0,89225 0,88975 0,885 0,8815 0,88025 0,8815 0,8825 0,8775 0,8745 0,868 0,86575 0,88125 0,87625 0,8725 0,8225 0,81425 0,8245 0,82525 0,85175 0,8555 0,84675 0,8375 0,82575 0,83425 0,823 0,83825 0,85 0,90625 0,8375 0,8315 0,841 0,8635 0,895 0,87575 0,85425 0,849 0,85475 0,944 0,96775 0,8675 0,9065 0,87575 0,85775 0,907 0,92575 0,923 0,926 0,937 0,93775 0,9245 0,91275 0,917 0,91475 0,89975 0,873 0,86675 0,8675 0,874 0,86875 0,8545 0,8465 0,83425 0,83825 0,814 0,858 0,82 0,8585 0,96875 0,98075 0,991
0,88925 0,88875 0,886 0,883 0,875 0,87625 0,87625 0,87575 0,87475 0,86975 0,867 0,8535 0,8715 0,829 0,81475 0,84525 0,858 0,85725 0,85775 0,85 0,84825 0,83775 0,84875 0,87775 0,8605 0,847 0,87 0,92 0,82375 0,827 0,83325 0,857 0,89575 0,86675 0,832 0,87375 0,90675 0,9665 0,902 0,88325 0,92125 0,936 0,92525 0,9145 0,91275 0,91275 0,91325 0,92125 0,92525 0,9175 0,9065 0,886 0,86725 0,85475 0,85475 0,868 0,88 0,87675 0,859 0,852 0,85 0,82225 0,8175 0,806 0,7815 0,81275 0,89125 0,96175 0,94825 0,97975
0,88875 0,89025 0,8825 0,8825 0,87425 0,8675 0,86975 0,87025 0,86875 0,8635 0,84975 0,85675 0,8465 0,841 0,853 0,848 0,84275 0,84475 0,84275 0,84225 0,842 0,85925 0,87275 0,8755 0,9055 0,8527499 0,897 0,937 0,86075 0,8505 0,831 0,8215 0,893 0,88075 0,8305 0,79925 0,821 0,98325 0,9525 0,88775 0,90525 0,909 0,8895 0,90975 0,91375 0,8965 0,89425 0,8995 0,91125 0,91325 0,90275 0,89 0,88225 0,879 0,887 0,884 0,884 0,87525 0,863 0,866 0,87825 0,8355 0,8405 0,8635 0,78475 0,7615 0,83425 0,9215 0,9015 0,977
0,88725 0,8935 0,8845 0,87625 0,864 0,8545 0,8615 0,86425 0,862 0,85925 0,85725 0,85325 0,8505 0,842 0,835 0,86225 0,876 0,8505 0,8195 0,8465 0,85525 0,8335 0,861 0,8975 0,91825 0,89675 0,89475 0,903 0,84 0,85075 0,83375 0,82225 0,90375 0,8715 0,818 0,83 0,86375 0,98675 0,93625 0,86975 0,83125 0,8405 0,87025 0,9025 0,9135 0,879 0,868 0,886 0,908 0,914 0,909 0,892 0,88625 0,88975 0,89325 0,89075 0,885 0,87325 0,86425 0,86725 0,88375 0,85575 0,87425 0,90275 0,8415 0,77275 0,90775 0,95025 0,915 0,988
0,89675 0,8955 0,881 0,87525 0,87 0,851 0,84925 0,85525 0,8505 0,8505 0,8495 0,84175 0,82625 0,8095 0,79225 0,79725 0,84075 0,89475 0,899 0,90975 0,91575 0,92075 0,90725 0,90475 0,91075 0,94225 0,963 0,86 0,8155 0,85275 0,83725 0,8465 0,912 0,85525 0,812 0,799 0,8635 0,989 0,8325 0,84475 0,83775 0,846 0,864 0,894 0,9005 0,89775 0,87825 0,8855 0,9015 0,90675 0,90475 0,8905 0,88 0,88475 0,89075 0,89425 0,88375 0,88925 0,8715 0,8565 0,86775 0,83675 0,79975 0,88275 0,92825 0,8845 0,963 0,9945 0,989 0,9735
0,89825 0,88025 0,8805 0,87125 0,891 0,84775 0,84025 0,83525 0,825 0,8375 0,83775 0,83 0,813 0,7965 0,7775 0,7565 0,77125 0,86175 0,87 0,8495 0,87175 0,88575 0,897 0,92025 0,91125 0,9085 0,9725 0,87725 0,7965 0,847 0,84975 0,887 0,894 0,8165 0,7865 0,79625 0,86875 0,99675 0,90175 0,826 0,8155 0,8385 0,84425 0,868 0,8655 0,8745 0,8845 0,885 0,89275 0,90075 0,893 0,885 0,878 0,877 0,8895 0,89425 0,88825 0,87675 0,85275 0,84425 0,8875 0,8205 0,7715 0,829 0,91225 0,98 0,96125 0,9315 0,91925 0,88325
0,893 0,859 0,87175 0,86125 0,902 0,85775 0,83825 0,836 0,80325 0,8225 0,81775 0,81875 0,80975 0,7915 0,77225 0,748 0,771 0,79825 0,8115 0,832 0,84325 0,83325 0,852 0,82675 0,85425 0,879 0,927 0,93375 0,84125 0,8515 0,82575 0,89875 0,902 0,80925 0,77925 0,86875 0,976 0,955 0,958 0,9625 0,9425 0,88225 0,861 0,88 0,902 0,876 0,865 0,88225 0,89075 0,90025 0,892 0,86525 0,87675 0,8695 0,8905 0,8915 0,8815 0,863 0,84725 0,84775 0,911 0,83725 0,7695 0,83 0,911 0,88825 0,839 0,84475 0,847 0,8425
0,8745 0,8575 0,88275 0,8845 0,891 0,85575 0,859 0,8705 0,80475 0,78675 0,786 0,795 0,802 0,79325 0,77525 0,75075 0,74725 0,79275 0,83025 0,83475 0,83075 0,83425 0,777 0,798 0,81075 0,8115 0,84975 0,96475 0,8835 0,848 0,8515 0,912 0,8985 0,936 0,96725 0,97475 0,93025 0,85025 0,82825 0,86875 0,9345 0,9755 0,98575 0,9545 0,84625 0,8145 0,83025 0,84725 0,86725 0,87925 0,8885 0,8815 0,877 0,877 0,90475 0,89075 0,87375 0,84925 0,8415 0,841 0,9185 0,875 0,8245 0,9335 0,911 0,812 0,82125 0,841 0,8575 0,84375
0,8885 0,858 0,90825 0,896 0,87125 0,84625 0,8645 0,89525 0,82625 0,80775 0,7675 0,75775 0,783 0,791 0,7805 0,743 0,70025 0,77475 0,8565 0,83375 0,77975 0,71075 0,71125 0,81175 0,8545 0,876 0,86525 0,939 0,9855 0,91975 0,95475 0,972 0,904 0,96525 0,92675 0,81275 0,85875 0,82525 0,819 0,81375 0,82675 0,85975 0,929 0,97125 0,88075 0,786 0,80525 0,83275 0,8355 0,83225 0,86425 0,89925 0,913 0,912 0,894 0,87675 0,85475 0,83 0,83075 0,846 0,885 0,94875 0,94 0,92875 0,837 0,82925 0,8645 0,872 0,8795 0,85
0,9325 0,8935 0,9135 0,89675 0,85875 0,858 0,8855 0,904 0,845 0,8415 0,797 0,72975 0,7515 0,77975 0,78625 0,772 0,735 0,7645 0,71925 0,63925 0,681 0,72025 0,772 0,8075 0,846 0,86275 0,854 0,8785 0,9895 0,99125 0,96725 0,9275 0,89075 0,874 0,847 0,821 0,831 0,84025 0,83675 0,844 0,86875 0,8575 0,827 0,878 0,955 0,78 0,788 0,82275 0,81725 0,8465 0,9065 0,92325 0,8935 0,88925 0,85525 0,8555 0,828 0,8085 0,83825 0,84275 0,86625 0,9665 0,9235 0,83725 0,83875 0,85025 0,87375 0,88225 0,8845 0,87375
0,9575 0,95425 0,92275 0,90825 0,86125 0,90525 0,9275 0,909 0,8705 0,83775 0,8235 0,7505 0,7365 0,76575 0,78325 0,7845 0,7665 0,738 0,72725 0,793 0,83 0,82175 0,79425 0,781 0,77375 0,798 0,81175 0,876 0,9935 0,9625 0,843 0,81875 0,833 0,839 0,8495 0,8475 0,84525 0,8475 0,85075 0,8685 0,89675 0,87875 0,84175 0,85675 0,97725 0,882 0,789 0,839 0,8625 0,909 0,889 0,86875 0,8635 0,85725 0,85275 0,84075 0,818 0,841 0,8585 0,8835 0,93375 0,9605 0,867 0,8385 0,83275 0,848 0,862 0,87075 0,86325 0,85525
0,94625 0,95625 0,933 0,91725 0,87925 0,91575 0,92475 0,92325 0,9185 0,8815 0,8275 0,773 0,7335 0,762 0,76725 0,76825 0,743 0,75525 0,77825 0,7915 0,833 0,83675 0,8875 0,90375 0,92025 0,9095 0,91075 0,94925 0,9725 0,9535 0,88075 0,832 0,837 0,85125 0,85975 0,86125 0,85375 0,84275 0,859 0,88775 0,90475 0,8965 0,89525 0,869 0,906 0,95075 0,88575 0,89275 0,88775 0,842 0,828 0,8455 0,8505 0,84375 0,8345 0,82525 0,798 0,82625 0,85575 0,85 0,93725 0,947 0,842 0,83125 0,808 0,82975 0,86025 0,8605 0,846 0,8455
0,92875 0,95125 0,92375 0,92525 0,906 0,91075 0,90875 0,91275 0,90675 0,89475 0,86725 0,798 0,749 0,7615 0,775 0,7495 0,74625 0,7655 0,7375 0,81875 0,901 0,8710001 0,909 0,8965 0,905 0,882 0,8995 0,9175 0,882 0,91825 0,87 0,8665 0,864 0,86625 0,8675 0,87075 0,8605 0,829 0,86 0,88125 0,86325 0,87125 0,93525 0,92175 0,90375 0,88325 0,9665 0,933 0,82825 0,8065 0,8175 0,829 0,83075 0,808 0,785 0,84 0,7765 0,82075 0,85325 0,82025 0,9185 0,998 0,9225 0,85175 0,80075 0,85275 0,8735 0,849 0,8335 0,83075
0,927 0,94175 0,92225 0,9205 0,91875 0,90675 0,88225 0,8995 0,918 0,91 0,84475 0,80525 0,775 0,77375 0,78975 0,77125 0,78325 0,7895 0,75425 0,81275 0,89125 0,87125 0,87425 0,8525 0,88575 0,8495 0,90175 0,87825 0,84675 0,9235 0,90325 0,8705 0,88425 0,87325 0,866 0,8725 0,86275 0,84775 0,86625 0,87725 0,8495 0,82825 0,8605 0,92225 0,90375 0,86025 0,9675 0,88075 0,792 0,7815 0,77875 0,78775 0,79375 0,802 0,817 0,86275 0,80125 0,88725 0,89225 0,89925 0,89125 0,8905 0,94675 0,95425 0,97175 0,952 0,90175 0,8955 0,91225 0,90575
0,92875 0,92925 0,92425 0,917 0,9175 0,89925 0,86075 0,874 0,927 0,88425 0,84625 0,862 0,814 0,79825 0,8015 0,80725 0,813 0,822 0,806 0,835 0,81775 0,82425 0,82325 0,86 0,839 0,85625 0,88675 0,85725 0,86 0,883 0,9125 0,86925 0,876 0,86725 0,86575 0,87325 0,86225 0,859 0,86725 0,8525 0,823 0,77825 0,77325 0,879 0,88775 0,84075 0,9665 0,8865 0,83725 0,77025 0,75175 0,74625 0,7555 0,7805 0,87675 0,89525 0,9385 0,9905 0,9595 0,8575 0,78675 0,8025 0,824 0,86725 0,89975 0,9855 0,99125 0,979 0,94175 0,938
0,93375 0,9205 0,9155 0,92125 0,906 0,884 0,83275 0,86525 0,91925 0,86675 0,8765 0,86325 0,82975 0,813 0,8345 0,8465 0,8445 0,8335 0,8195 0,795 0,7785 0,76425 0,76975 0,79925 0,86375 0,87725 0,84175 0,80325 0,80925 0,83175 0,901 0,84975 0,86125 0,87375 0,87725 0,88075 0,87325 0,86 0,833 0,8195 0,805 0,7535 0,7995 0,89875 0,8685 0,8485 0,98825 0,98575 0,9265 0,937 0,95375 0,9225 0,81475 0,94 0,9945 0,992 0,9825 0,9305 0,94125 0,86875 0,83525 0,87025 0,8435 0,8205 0,809 0,85225 0,9355 0,9775 0,954 0,91475
0,8975 0,91025 0,917 0,9165 0,893 0,88225 0,8455 0,8925 0,9295 0,88775 0,8875 0,862 0,83175 0,83275 0,8455 0,84475 0,83875 0,8345 0,8215 0,80225 0,79125 0,7735 0,7635 0,849 0,88625 0,83425 0,8345 0,828 0,81525 0,8175 0,87475 0,885 0,89175 0,89375 0,88825 0,8815 0,8645 0,8265 0,83175 0,88025 0,85325 0,8735 0,9335 0,89025 0,85125 0,84225 0,9735 0,952 0,935 0,96 0,95375 0,95375 0,978 0,948 0,87 0,83475 0,90875 0,87525 0,91075 0,9505 0,87125 0,88675 0,8595 0,84875 0,82975 0,82275 0,842 0,96875 0,94075 0,9145
0,888 0,905 0,9185 0,89375 0,88375 0,8535 0,81575 0,90225 0,9475 0,888 0,84875 0,8225 0,83675 0,84275 0,83925 0,8345 0,83575 0,8315 0,824 0,818 0,81225 0,79875 0,79325 0,842 0,8565 0,84225 0,85275 0,842 0,854 0,883 0,906 0,90875 0,902 0,895 0,87675 0,8575 0,83725 0,80075 0,76575 0,75025 0,8275 0,8305 0,8955 0,90375 0,8325 0,854 0,97175 0,88675 0,8215 0,84325 0,8455 0,8375 0,86675 0,8855 0,835 0,8055 0,9045 0,9215 0,90725 0,954 0,896 0,87375 0,88875 0,896 0,88175 0,853 0,81325 0,93725 0,955 0,88025
0,8915 0,90175 0,902 0,87425 0,8655 0,8405 0,7825 0,8915 0,95525 0,862 0,85075 0,847 0,84675 0,83925 0,83 0,83875 0,836 0,82925 0,81875 0,831 0,835 0,818 0,8195 0,86125 0,85525 0,857 0,84475 0,831 0,84975 0,898 0,909 0,90775 0,89675 0,88 0,85775 0,84075 0,81375 0,79525 0,763 0,7375 0,75575 0,7385 0,89025 0,9895 0,91725 0,9135 0,966 0,88025 0,87 0,8575 0,8555 0,85375 0,865 0,87825 0,8595 0,83625 0,8905 0,9485 0,9185 0,952 0,946 0,89775 0,91875 0,91225 0,90125 0,87 0,84125 0,855 0,981 0,91675
0,88275 0,89325 0,89875 0,87525 0,843 0,8235 0,79625 0,8625 0,9535 0,904 0,85525 0,8755 0,8565 0,8475 0,85125 0,8505 0,823 0,8365 0,8095 0,83075 0,85675 0,845 0,83175 0,846 0,85075 0,83975 0,83175 0,82675 0,8225 0,87575 0,91 0,9035 0,88775 0,8615 0,84275 0,84625 0,8205 0,79 0,76625 0,7415 0,73625 0,7075 0,66475 0,77075 0,9615 0,98025 0,94325 0,8815 0,8695 0,878 0,8815 0,8845 0,891 0,89125 0,893 0,8865 0,8765 0,96025 0,95125 0,95025 0,97125 0,909 0,9235 0,924 0,91925 0,892 0,852 0,79775 0,908 0,9805
0,88475 0,8845 0,8745 0,85925 0,83 0,80975 0,80125 0,919 0,97475 0,964 0,9235 0,9105 0,8695 0,8665 0,876 0,8745 0,86525 0,873 0,844 0,85275 0,8585 0,856 0,85325 0,848 0,84475 0,8405 0,833 0,8315 0,82675 0,85275 0,89325 0,884 0,8665 0,83775 0,7925 0,84725 0,81075 0,7855 0,75075 0,726 0,74575 0,79675 0,744 0,927 0,9855 0,92575 0,9365 0,90025 0,8735 0,88775 0,895 0,90625 0,90975 0,911 0,91725 0,91575 0,8865 0,87375 0,91425 0,949 0,96475 0,92925 0,92275 0,9295 0,9295 0,90875 0,85825 0,79575 0,7535 0,88975
0,8685 0,85975 0,851 0,8405 0,81175 0,80125 0,9205 0,9485 0,93775 0,899 0,93875 0,94 0,93175 0,90125 0,9235 0,92675 0,919 0,91675 0,90025 0,87875 0,85375 0,84675 0,854 0,84775 0,845 0,8405 0,83025 0,832 0,847 0,84625 0,8585 0,85775 0,8465 0,81625 0,79175 0,859 0,7715 0,76075 0,7305 0,717 0,7815 0,79875 0,978 0,96 0,93125 0,92075 0,94275 0,913 0,8945 0,8855 0,89075 0,91925 0,9155 0,9075 0,9205 0,9295 0,91925 0,90875 0,90225 0,94225 0,9505 0,92375 0,91925 0,92925 0,9255 0,90975 0,8115 0,805 0,79025 0,903
0,84425 0,835 0,83725 0,815 0,79175 0,871 0,9415 0,891 0,86075 0,88575 0,90175 0,9185 0,91775 0,91525 0,928 0,941 0,92925 0,92875 0,92025 0,8825 0,84325 0,83825 0,84875 0,8375 0,8325 0,818 0,81775 0,803 0,815 0,85475 0,83775 0,83625 0,8305 0,794 0,80275 0,8525 0,7395 0,735 0,69125 0,7275 0,80675 0,8845 0,981 0,8985 0,9115 0,93225 0,93925 0,91725 0,8935 0,89275 0,90325 0,91875 0,9 0,8935 0,9165 0,93125 0,9325 0,93475 0,9315 0,9375 0,9425 0,924 0,92625 0,931 0,92775 0,90825 0,8325 0,8325 0,85525 0,866
0,80725 0,79275 0,80425 0,80775 0,816 0,91325 0,87275 0,85925 0,8845 0,9125 0,91875 0,91525 0,88225 0,90175 0,9175 0,9335001 0,93275 0,92175 0,918 0,88975 0,82975 0,832 0,8425 0,82875 0,817 0,797 0,83475 0,8545 0,8855 0,91125 0,9025 0,92475 0,88225 0,82775 0,8295 0,866 0,71075 0,697 0,66025 0,677 0,81775 0,9345 0,93725 0,88225 0,91875 0,93175 0,93425 0,89 0,88 0,89275 0,90575 0,91475 0,90075 0,90175 0,91675 0,92525 0,93375 0,93825 0,947 0,9225 0,925 0,928 0,9235 0,91825 0,85675 0,80975 0,82 0,85725 0,85825 0,8605
0,769 0,751 0,76775 0,813 0,89525 0,8675 0,834 0,84325 0,8625 0,879 0,897 0,89725 0,88075 0,89075 0,90725 0,9195 0,92375 0,922 0,9135 0,88325 0,8145 0,82775 0,8425 0,83025 0,819 0,78725 0,762 0,82375 0,886 0,9315 0,91425 0,86675 0,8835 0,916 0,93175 0,843 0,6985 0,71775 0,6745 0,82275 0,9825 0,996 0,90125 0,9 0,91675 0,91975 0,90525 0,8995 0,8625 0,873 0,88375 0,89325 0,892 0,9035 0,9125 0,9165 0,921 0,932 0,9425 0,91225 0,91575 0,914 0,8665 0,85625 0,809 0,79725 0,82675 0,85725 0,868 0,874
0,783 0,81475 0,813 0,8 0,8705 0,83925 0,84825 0,85025 0,8785 0,86 0,85225 0,84 0,851 0,847 0,87275 0,8915 0,90125 0,90775 0,90875 0,87475 0,814 0,824 0,84625 0,83925 0,81475 0,796 0,8625 0,85725 0,8405 0,825 0,83325 0,84025 0,80275 0,79775 0,87625 0,916 0,86125 0,74575 0,69725 0,84425 0,9325 0,979 0,9205 0,929 0,947 0,935 0,90825 0,93525 0,8445 0,846 0,85825 0,861 0,8745 0,894 0,90275 0,90525 0,9065 0,913 0,92975 0,9175 0,91325 0,9055 0,8505 0,84975 0,84025 0,84225 0,85025 0,86625 0,87525 0,89125
0,891 0,90775 0,961 0,91325 0,98825 0,96775 0,94675 0,914 0,902 0,87125 0,86825 0,86425 0,862 0,912 0,95425 0,91775 0,903 0,91375 0,91625 0,885 0,8295 0,82675 0,84975 0,85475 0,837 0,81725 0,80225 0,812 0,80575 0,80875 0,818 0,82375 0,813 0,84 0,8995 0,93175 0,96625 0,95225 0,8895 0,90775 0,91325 0,85025 0,8815 0,8965 0,94 0,96225 0,96475 0,95925 0,94525 0,89325 0,86525 0,828 0,84825 0,86975 0,88825 0,89375 0,896 0,89775 0,90475 0,91 0,89675 0,89775 0,88325 0,87875 0,859 0,86 0,8645 0,876 0,89075 0,9035
