rofental/data/rofental/svf_rofental_100.asc
ncols         322
nrows         225
xllcorner     622802,488
yllcorner     5178049,379
cellsize      100
NODATA_value  -9999
[rows 93 to 123 of 225, columns 0 to 69 of 322]
0,9065 0,87175 0,8505 0,90775 0,99 0,98175 0,98025 0,956 0,9365 0,9355 0,919 0,90475 0,93775 0,842 0,89825 0,915 0,888 0,89275 0,89025 0,88625 0,8805 0,88725 0,88875 0,89275 0,9445 0,92425 0,915 0,92325 0,9415 0,964 0,94075 0,919 0,93025 0,9495 0,91975 0,9105 0,92325 0,92075 0,92475 0,924 0,90175 0,88575 0,912 0,90875 0,88375 0,8575 0,94625 0,927 0,9155 0,91625 0,91025 0,89925 0,89925 0,901 0,8545 0,841 0,83775 0,845 0,911 0,91275 0,86975 0,78875 0,75925 0,75525 0,8515 0,94 0,87575 0,91575 0,894 0,898
0,87225 0,8455 0,868 0,95525 0,98875 0,92375 0,8725 0,8305 0,86525 0,88525 0,924 0,928 0,94875 0,863 0,9 0,89775 0,912 0,9185 0,92475 0,89875 0,89025 0,8985 0,87975 0,883 0,944 0,93075 0,91775 0,927 0,9195 0,9685 0,92575 0,91275 0,9335 0,95175 0,92575 0,89225 0,9135 0,9285 0,928 0,934 0,917 0,90675 0,92375 0,93 0,92225 0,8945 0,9425 0,94075 0,926 0,922 0,9145 0,912 0,90925 0,89125 0,87575 0,8635 0,8045 0,8225 0,88525 0,874 0,918 0,80025 0,7715 0,7885 0,92475 0,92425 0,836 0,88425 0,9395 0,9595
0,84775 0,88125 0,94425 0,99425 0,896 0,8315 0,8525 0,84575 0,84875 0,8495 0,8585 0,904 0,94325 0,94525 0,893 0,88825 0,92 0,9355 0,934 0,9 0,9 0,8885 0,876 0,896 0,9175 0,91925 0,89775 0,89475 0,939 0,98525 0,96025 0,91875 0,9445 0,95925 0,96225 0,918 0,9125 0,92225 0,9265 0,93575 0,91075 0,92125 0,92675 0,93275 0,93375 0,917 0,9345 0,94725 0,92675 0,915 0,91425 0,90975 0,905 0,88825 0,86825 0,86425 0,851 0,8705 0,8535 0,85825 0,9325 0,865 0,7795 0,80175 0,973 0,91225 0,8615 0,87625 0,87375 0,87375
0,897 0,9525 0,98825 0,9775 0,86275 0,868 0,89075 0,885 0,8825 0,87125 0,864 0,862 0,932 0,95725 0,931 0,888 0,934 0,93125 0,92525 0,91825 0,92425 0,90825 0,90125 0,90975 0,91025 0,90625 0,93 0,9425 0,97575 0,989 0,96475 0,883 0,93 0,9385 0,955 0,9715 0,955 0,929 0,924 0,90975 0,89675 0,9205 0,92125 0,9205 0,92925 0,93325 0,92475 0,9265 0,927 0,913 0,91075 0,87775 0,839 0,83225 0,8825 0,85125 0,8605 0,868 0,83275 0,8385 0,86175 0,936 0,892 0,91725 0,97375 0,933 0,936 0,93175 0,91325 0,91225
0,9705 0,94475 0,92275 0,932 0,89575 0,90425 0,90875 0,914 0,91425 0,9075 0,89775 0,8735 0,898 0,94475 0,9345 0,89525 0,9275 0,87725 0,9055 0,93425 0,93675 0,925 0,9245 0,9275 0,93175 0,9625 0,96575 0,93425 0,94125 0,9505 0,96925 0,90375 0,9155 0,9265 0,9325 0,95925 0,9745 0,96975 0,917 0,87375 0,89125 0,91825 0,925 0,925 0,915 0,9115 0,9375 0,9255 0,91775 0,909 0,8915 0,8595 0,82375 0,77775 0,90075 0,8805 0,8115 0,84375 0,816 0,803 0,80925 0,8505 0,994 0,95975 0,86675 0,89725 0,9335 0,94975 0,9515 0,94725
0,87375 0,85875 0,883 0,87875 0,9085 0,9325 0,92275 0,92925 0,9285 0,92825 0,923 0,90525 0,90725 0,961 0,938 0,90525 0,9205 0,9135 0,93375 0,94325 0,94075 0,94325 0,947 0,95025 0,96575 0,95325 0,89175 0,8865 0,91025 0,888 0,979 0,93425 0,87175 0,90725 0,92975 0,9345 0,9315 0,9635 0,916 0,874 0,89225 0,91625 0,9215 0,92275 0,9235 0,911 0,9225 0,91925 0,902 0,867 0,85775 0,8705 0,845 0,7945 0,81875 0,95475 0,931 0,89375 0,85 0,8335 0,889 0,969 0,9685 0,9445 0,8925 0,89525 0,9215 0,947 0,94225 0,93325
0,89775 0,91425 0,9115 0,91225 0,91725 0,9235 0,93775 0,938 0,93775 0,945 0,94475 0,9385 0,91925 0,91775 0,959 0,91125 0,93175 0,93375 0,94075 0,9465 0,94275 0,92475 0,904 0,8805 0,91925 0,925 0,90175 0,899 0,934 0,93825 0,98875 0,92 0,835 0,87925 0,905 0,8775 0,87725 0,912 0,908 0,9055 0,907 0,9165 0,919 0,91725 0,924 0,9225 0,9155 0,90375 0,8695 0,8525 0,8505 0,862 0,8685 0,85725 0,87075 0,883 0,88875 0,904 0,9105 0,91925 0,9145 0,8325 0,80525 0,98975 0,97275 0,95875 0,89925 0,924 0,93275 0,93175
0,9415 0,9425 0,9415 0,9425 0,9435 0,9385 0,936 0,94675 0,953 0,952 0,95575 0,9555 0,947 0,91 0,962 0,94075 0,92725 0,93975 0,9435 0,94825 0,94 0,92775 0,90925 0,89675 0,91425 0,939 0,935 0,93975 0,9615 0,94725 0,96825 0,94125 0,8415 0,87275 0,8975 0,89975 0,90125 0,915 0,90325 0,91275 0,91675 0,914 0,9195 0,919 0,92075 0,9195 0,904 0,879 0,862 0,849 0,83525 0,8295 0,86175 0,8855 0,886 0,8815 0,85675 0,8455 0,82525 0,84575 0,7825 0,73225 0,84675 0,9575 0,85925 0,876 0,8725 0,89825 0,91475 0,9235
0,9475 0,9455 0,9485 0,9425 0,9485 0,95175 0,94575 0,94575 0,952 0,95575 0,9565 0,94725 0,9465 0,93325 0,9435 0,962 0,9185 0,9405 0,94825 0,94825 0,9475 0,94425 0,93125 0,9275 0,9405 0,9465 0,96025 0,9635 0,95375 0,94025 0,95375 0,9795 0,89475 0,85875 0,89825 0,917 0,925 0,93 0,92175 0,91625 0,919 0,91675 0,9165 0,91125 0,913 0,9025 0,8845 0,873 0,8575 0,846 0,82675 0,7965 0,83875 0,8705 0,867 0,8665 0,8615 0,84075 0,83975 0,841 0,79775 0,7825 0,91825 0,877 0,813 0,84175 0,86725 0,89425 0,91525 0,9265
0,92925 0,935 0,95375 0,95425 0,95425 0,9585 0,96 0,95925 0,9595 0,9625 0,95475 0,9345 0,9455 0,946 0,94125 0,96625 0,93075 0,94625 0,954 0,9495 0,9515 0,9505 0,943 0,91775 0,95275 0,9685 0,945 0,93325 0,92625 0,927 0,91675 0,9635 0,9455 0,8595 0,8895 0,91875 0,92675 0,9235 0,9245 0,9215 0,9225 0,8995 0,90125 0,8975 0,893 0,892 0,876 0,86675 0,856 0,84275 0,82825 0,80625 0,845 0,87875 0,92625 0,9255 0,8965 0,838 0,79275 0,77775 0,822 0,84 0,959 0,90125 0,82075 0,84675 0,866 0,89575 0,91575 0,91875
0,92125 0,898 0,9015 0,94425 0,962 0,964 0,96575 0,96575 0,96725 0,9615 0,9635 0,95575 0,95575 0,95625 0,943 0,95175 0,9575 0,954 0,95725 0,95825 0,94775 0,94825 0,91925 0,871 0,87 0,9525 0,92125 0,919 0,91975 0,9435 0,93625 0,956 0,97925 0,88475 0,8735 0,91025 0,92125 0,92525 0,932 0,92275 0,9085 0,88275 0,8725 0,8565 0,86775 0,88 0,8625 0,8495 0,84 0,8395 0,844 0,8245 0,90275 0,97225 0,95425 0,95975 0,9505 0,92075 0,82775 0,79525 0,884 0,895 0,98425 0,979 0,86525 0,8355 0,8605 0,88575 0,901 0,90075
0,92775 0,905 0,89675 0,92225 0,95925 0,96775 0,97025 0,97125 0,9705 0,965 0,96925 0,95925 0,96 0,95775 0,94825 0,93175 0,966 0,96575 0,957 0,9515 0,95075 0,9375 0,911 0,88125 0,8545 0,8965 0,94125 0,92625 0,90475 0,9055 0,923 0,916 0,98575 0,95575 0,90275 0,8965 0,90875 0,92425 0,93425 0,925 0,89025 0,868 0,847 0,85125 0,852 0,83775 0,8345 0,862 0,88425 0,86475 0,8875 0,93075 0,9615 0,881 0,78925 0,77725 0,88 0,95875 0,896 0,877 0,8455 0,8525 0,90375 0,9715 0,9545 0,941 0,90575 0,86775 0,86475 0,87375
0,94425 0,93475 0,92375 0,9005 0,92825 0,96825 0,97325 0,97225 0,9605 0,971 0,9685 0,95225 0,962 0,95825 0,948 0,933 0,96225 0,96875 0,961 0,949 0,95125 0,93 0,8975 0,88275 0,869 0,88525 0,919 0,92 0,9095 0,90075 0,92125 0,90575 0,9685 0,937 0,95425 0,9385 0,9045 0,92325 0,9335001 0,92475 0,88375 0,856 0,8405 0,85125 0,8275 0,81675 0,87775 0,9045 0,94125 0,94475 0,9695 0,955 0,8515 0,79475 0,79 0,79125 0,91125 0,88625 0,779 0,8305 0,82 0,787 0,87875 0,9315 0,8845 0,93675 0,97175 0,97475 0,926 0,8605
0,96075 0,95025 0,94675 0,93775 0,932 0,966 0,97225 0,96675 0,96725 0,972 0,96475 0,962 0,96125 0,962 0,95775 0,9515 0,95875 0,96925 0,965 0,9445 0,93775 0,9145 0,89775 0,8935 0,8907501 0,9005 0,919 0,926 0,92175 0,91825 0,9265 0,92675 0,956 0,924 0,943 0,96875 0,922 0,9245 0,938 0,9165 0,88875 0,85525 0,84 0,8325 0,81475 0,81225 0,902 0,9525 0,94975 0,94625 0,91925 0,8815 0,8255 0,82325 0,82075 0,8875 0,88675 0,84175 0,81175 0,83025 0,8085 0,82075 0,9735 0,89425 0,80725 0,81275 0,8235 0,89375 0,9815 0,9595
0,959 0,94625 0,9515 0,946 0,93875 0,962 0,97075 0,97275 0,96425 0,97 0,97125 0,9635 0,95525 0,96325 0,9655 0,963 0,95525 0,9655 0,96775 0,93975 0,93925 0,90175 0,8975 0,90325 0,90975 0,912 0,9205 0,93775 0,936 0,9225 0,942 0,95325 0,95075 0,931 0,93325 0,942 0,92575 0,93075 0,934 0,9045 0,89025 0,85775 0,8385 0,8345 0,81775 0,82725 0,87325 0,92525 0,90825 0,89375 0,86475 0,85725 0,849 0,833 0,82825 0,8715 0,8265 0,81725 0,819 0,8175 0,807 0,808 0,951 0,92175 0,78175 0,791 0,801 0,7905 0,86625 0,9565
0,912 0,925 0,94175 0,94625 0,93175 0,953 0,965 0,952 0,96 0,956 0,9665 0,97 0,95925 0,963 0,9515 0,938 0,949 0,963 0,967 0,9435 0,944 0,91775 0,8755 0,898 0,92225 0,91575 0,91775 0,94725 0,9405 0,94175 0,9545 0,95525 0,95075 0,9285 0,912 0,9345 0,946 0,945 0,92875 0,884 0,875 0,856 0,84 0,8315 0,81275 0,851 0,9075 0,91675 0,90325 0,9015 0,88075 0,87 0,8615 0,85275 0,849 0,85225 0,85825 0,8555 0,824 0,805 0,80325 0,82825 0,9695 0,91725 0,79175 0,80625 0,799 0,78025 0,7745 0,92125
0,90725 0,917 0,92925 0,94325 0,94525 0,95625 0,9595 0,95475 0,96125 0,96325 0,966 0,97125 0,959 0,9135 0,8865 0,86175 0,8925 0,95225 0,963 0,952 0,92375 0,92725 0,893 0,8895 0,92225 0,92125 0,92675 0,948 0,94 0,94125 0,9465 0,95275 0,94175 0,887 0,84175 0,9005 0,95075 0,948 0,9305 0,90325 0,8655 0,8475 0,84825 0,84075 0,8325 0,88025 0,91975 0,92125 0,906 0,88925 0,87075 0,875 0,8695 0,85725 0,86125 0,8605 0,85675 0,8525 0,80925 0,77825 0,78225 0,87975 0,98675 0,93975 0,85725 0,836 0,825 0,7985 0,794 0,87225
0,93575 0,9355 0,93175 0,9335 0,95125 0,9635 0,96825 0,967 0,9675 0,966 0,96825 0,97225 0,9395 0,8915 0,84 0,817 0,86025 0,9435 0,95475 0,946 0,934 0,8975 0,88525 0,8695 0,923 0,932 0,93875 0,91175 0,913 0,94 0,92675 0,9295 0,888 0,85625 0,8165 0,832 0,881 0,94075 0,93375 0,901 0,85575 0,8525 0,866 0,86175 0,85275 0,8845 0,91925 0,90525 0,8855 0,87925 0,87525 0,87525 0,87325 0,857 0,843 0,8555 0,853 0,85525 0,82425 0,81275 0,92775 0,97775 0,9575 0,90175 0,92225 0,866 0,83725 0,8155 0,801 0,83
0,94275 0,94525 0,94225 0,94525 0,961 0,9645 0,97025 0,94475 0,9575 0,961 0,963 0,95475 0,89125 0,866 0,84125 0,8185 0,86425 0,92975 0,9435 0,926 0,927 0,90675 0,836 0,88 0,90375 0,915 0,9065 0,8255 0,911 0,91575 0,9215 0,9245 0,844 0,83825 0,8165 0,824 0,8255 0,92975 0,93 0,87075 0,84775 0,8685 0,88375 0,8825 0,9 0,9165 0,90425 0,8815 0,866 0,86725 0,8695 0,864 0,86525 0,85825 0,86325 0,879 0,8595 0,8815 0,93825 0,967 0,96175 0,944 0,875 0,81725 0,86475 0,893 0,8365 0,80675 0,78475 0,89675
0,9425 0,93525 0,94425 0,954 0,95925 0,9565 0,96375 0,906 0,85725 0,88675 0,94125 0,9275 0,86875 0,88175 0,8435 0,826 0,86875 0,9115 0,93 0,92675 0,93 0,874 0,80275 0,8565 0,88175 0,922 0,83225 0,83275 0,9055 0,90275 0,91425 0,8975 0,84 0,84125 0,81775 0,79675 0,8465 0,93225 0,911 0,8685 0,8485 0,882 0,8945 0,9 0,923 0,89925 0,8605 0,84 0,8405 0,85 0,8675 0,874 0,8825 0,86075 0,831 0,89 0,93275 0,976 0,97025 0,93225 0,8665 0,8715 0,87575 0,82175 0,80725 0,80025 0,80375 0,7835 0,80525 0,948
0,95825 0,93325 0,937 0,95225 0,95775 0,955 0,954 0,9345 0,82 0,83475 0,91475 0,92625 0,87275 0,893 0,85675 0,81925 0,87075 0,91625 0,928 0,9325 0,93375 0,8695 0,8075 0,82775 0,924 0,89 0,806 0,87 0,88425 0,872 0,891 0,89775 0,8305 0,827 0,80475 0,82975 0,89525 0,903 0,87925 0,8665 0,86125 0,89325 0,89425 0,88675 0,894 0,90025 0,877 0,86825 0,88725 0,91025 0,95325 0,951 0,9425 0,93725 0,9325 0,897 0,98225 0,9365 0,84925 0,82625 0,834 0,84775 0,85175 0,8215 0,82425 0,8095 0,807 0,78025 0,8565 0,89
0,96275 0,942 0,94 0,95125 0,95775 0,9615 0,962 0,9415 0,862 0,8055 0,8755 0,93825 0,903 0,89825 0,88175 0,81225 0,877 0,91575 0,893 0,91275 0,91625 0,88575 0,78975 0,84225 0,923 0,87375 0,80775 0,87475 0,885 0,87325 0,88575 0,901 0,835 0,812 0,822 0,892 0,903 0,885 0,8825 0,88025 0,88275 0,8925 0,88075 0,852 0,8285 0,906 0,9275 0,947 0,9415 0,9265 0,88725 0,85325 0,865 0,88625 0,9185 0,97575 0,9895 0,86325 0,80525 0,79675 0,81525 0,84125 0,84025 0,82975 0,8345 0,8325 0,815 0,82125 0,89175 0,88975
0,9305 0,95625 0,95025 0,95325 0,95575 0,96 0,957 0,94225 0,8565 0,80625 0,83975 0,91575 0,92025 0,90825 0,864 0,8205 0,86975 0,901 0,896 0,8975 0,8835 0,90875 0,808 0,827 0,89475 0,86325 0,8295 0,88775 0,8805 0,8715 0,87775 0,8765 0,85475 0,82525 0,87225 0,90825 0,90125 0,8975 0,89825 0,886 0,89675 0,887 0,86675 0,83625 0,843 0,902 0,9185 0,89675 0,88675 0,86975 0,8405 0,8225 0,8045 0,847 0,886 0,95875 0,9695 0,85325 0,81375 0,80525 0,823 0,84475 0,8415 0,83 0,82475 0,829 0,81375 0,83775 0,822 0,85275
0,931 0,9485 0,95725 0,9547499 0,91925 0,9355 0,95375 0,9425 0,8485 0,838 0,80425 0,89 0,908 0,91775 0,8855 0,834 0,85475 0,9015 0,9005 0,90125 0,882 0,883 0,8345 0,857 0,88725 0,871 0,86475 0,876 0,86675 0,86625 0,86675 0,87325 0,87075 0,85525 0,8855 0,9075 0,91125 0,91125 0,91075 0,88525 0,8975 0,88375 0,87725 0,878 0,90625 0,88775 0,914 0,91775 0,91075 0,8905 0,86475 0,83825 0,83925 0,86575 0,89425 0,9545 0,9745 0,9005 0,8475 0,81175 0,837 0,85025 0,8475 0,83475 0,83525 0,84 0,8315 0,8265 0,84975 0,9215
0,90425 0,95175 0,9575 0,947 0,88725 0,8565 0,91375 0,95225 0,9125 0,865 0,80075 0,887 0,926 0,914 0,91275 0,86025 0,86125 0,9055 0,90075 0,901 0,8905 0,8955 0,8665 0,8605 0,86425 0,8735 0,88125 0,87275 0,87175 0,86975 0,87325 0,8795 0,8875 0,88225 0,87925 0,889 0,9065 0,90175 0,90425 0,87525 0,9085 0,9195 0,92325 0,91925 0,902 0,88425 0,9165 0,91775 0,9065 0,89 0,8655 0,8335 0,85575 0,8855 0,917 0,96425 0,97 0,92075 0,84575 0,82375 0,855 0,86525 0,8575 0,84525 0,85025 0,85325 0,832 0,855 0,87675 0,89675
0,88175 0,951 0,95175 0,95275 0,9175 0,8155 0,90125 0,905 0,9075 0,86 0,80775 0,88075 0,9245 0,9215 0,9165 0,8835 0,867 0,90825 0,88925 0,89575 0,8985 0,8835 0,88075 0,88075 0,88275 0,8875 0,88925 0,88475 0,8855 0,88825 0,89325 0,8975 0,899 0,893 0,8765 0,8665 0,87225 0,891 0,88 0,88525 0,894 0,89725 0,90525 0,8935 0,89275 0,888 0,9205 0,9135 0,89425 0,89725 0,882 0,868 0,89425 0,9345 0,95225 0,966 0,96575 0,94225 0,88825 0,84175 0,87525 0,87425 0,861 0,85625 0,859 0,861 0,8365 0,869 0,90175 0,898
0,8235 0,92575 0,91175 0,93375 0,91475 0,82825 0,86975 0,875 0,89575 0,889 0,83125 0,8855 0,9165 0,9155 0,91525 0,9 0,88 0,8985 0,8725 0,885 0,88325 0,8805 0,8905 0,89175 0,89275 0,893 0,893 0,892 0,895 0,89825 0,9015 0,90275 0,90325 0,901 0,8925 0,87625 0,86175 0,86775 0,85975 0,87975 0,87825 0,86725 0,8775 0,894 0,89575 0,9025 0,89925 0,88425 0,89375 0,9065 0,89325 0,8695 0,8745 0,90375 0,92275 0,95325 0,92325 0,8805 0,874 0,8705 0,89325 0,882 0,86575 0,863 0,865 0,8625 0,8495 0,89975 0,88375 0,863
0,78925 0,86525 0,82325 0,91925 0,88075 0,79325 0,84 0,86625 0,88025 0,8875 0,87 0,87875 0,89925 0,88775 0,8945 0,9035 0,8904999 0,88725 0,8865 0,885 0,885 0,889 0,892 0,8915 0,89075 0,891 0,8905 0,892 0,8945 0,8975 0,9015 0,90225 0,903 0,90325 0,899 0,8905 0,87875 0,861 0,8595 0,87825 0,8715 0,86875 0,87525 0,8995 0,89975 0,88825 0,86675 0,89875 0,903 0,9075 0,89775 0,87375 0,855 0,86125 0,8895 0,932 0,89175 0,8605 0,87675 0,89525 0,903 0,8805 0,86575 0,86925 0,86975 0,873 0,88475 0,89425 0,893 0,8855
0,7845 0,814 0,813 0,89925 0,90275 0,8205 0,8375 0,8845 0,877 0,8895 0,891 0,8905 0,89175 0,886 0,88075 0,8855 0,895 0,89275 0,8855 0,8835 0,88375 0,88225 0,88425 0,87725 0,8765 0,87275 0,87375 0,87475 0,877 0,873 0,88775 0,8955 0,8985 0,899 0,8965 0,89125 0,884 0,87575 0,87 0,87025 0,8675 0,886 0,88725 0,87675 0,87725 0,862 0,88175 0,905 0,90475 0,90275 0,9 0,884 0,87425 0,864 0,89175 0,91125 0,881 0,8735 0,87575 0,87425 0,898 0,87275 0,86775 0,872 0,8775 0,87325 0,8875 0,87425 0,84625 0,82525
0,82525 0,78525 0,79125 0,862 0,8915 0,849 0,8485 0,88975 0,873 0,88175 0,892 0,89775 0,8955 0,8865 0,881 0,88525 0,88725 0,8835 0,87625 0,8655 0,866 0,86025 0,85475 0,86 0,86525 0,8605 0,8635 0,86775 0,87025 0,8595 0,85275 0,85925 0,8725 0,879 0,8795 0,88 0,8785 0,8795 0,87825 0,86975 0,872 0,88325 0,8975 0,89425 0,88375 0,872 0,8755 0,9005 0,90325 0,903 0,898 0,89325 0,88625 0,876 0,8925 0,89825 0,876 0,862 0,866 0,86475 0,874 0,8785 0,875 0,86875 0,8535 0,8325 0,8315 0,8375 0,82725 0,82525
0,896 0,86425 0,79775 0,851 0,87375 0,861 0,85675 0,87725 0,875 0,884 0,8935 0,89625 0,895 0,88825 0,87875 0,873 0,8625 0,85875 0,85875 0,8565 0,8605 0,852 0,83925 0,85075 0,862 0,86825 0,879 0,874 0,8815 0,87325 0,8355 0,83175 0,84125 0,84225 0,85225 0,858 0,86525 0,87075 0,87275 0,86925 0,866 0,8655 0,88075 0,897 0,88525 0,8655 0,86375 0,86175 0,88775 0,90225 0,90525 0,897 0,88775 0,883 0,89475 0,894 0,8755 0,86525 0,87575 0,88475 0,889 0,88025 0,87125 0,857 0,83325 0,79325 0,81875 0,84425 0,81925 0,8445
